10
0
0
0
0
1
0
0
0
2
0
0
1
0
0
0
0
0
0
0
0
0
0
0
0
0
0
0
1
0
0
0
0
0
0
0
0
0
0
0
0
0
0
0
0
0
0
0
1
0
0
2
2
3
4
19
22
40
85
115
157
229
298
332
395
484
510
641
647
713
731
722
742
730
615
611
529
398
332
268
199
190
164
156
139
169
132
130
122
161
157
158
133
139
154
148
134
127
152
145
158
150
154
169
169
172
162
157
116
166
158
175
181
152
199
180
180
196
221
205
221
221
199
213
215
216
217
249
240
237
266
260
262
298
255
255
282
285
287
271
282
304
305
307
301
283
283
311
249
280
288
301
241
283
242
260
287
245
251
243
253
236
254
255
262
239
272
257
240
295
234
247
269
226
269
248
309
271
268
266
286
282
344
322
398
425
502
622
668
773
926
1079
1318
1445
1723
1900
2065
2277
2415
2453
2568
2665
2606
2458
2362
2169
2035
1783
1598
1357
1129
919
910
688
553
466
354
328
266
238
227
176
149
156
166
161
154
160
147
144
135
159
132
143
152
167
152
157
140
153
158
187
160
166
161
192
163
159
190
161
168
171
184
140
180
193
196
174
191
188
185
207
205
190
178
202
213
178
199
186
183
216
190
193
194
186
178
184
173
181
158
188
184
169
138
150
148
146
159
145
161
119
132
143
133
130
143
155
146
135
145
137
135
134
134
138
161
133
129
150
137
142
159
150
150
161
131
142
130
155
140
152
136
166
139
142
137
144
162
161
129
142
139
128
150
132
118
144
131
132
127
114
153
134
127
140
145
136
133
133
136
147
131
112
144
125
122
146
125
123
117
118
112
130
120
126
122
107
126
107
106
105
126
120
113
113
98
113
108
91
100
99
123
103
105
117
107
106
110
133
101
152
107
136
117
130
151
139
157
178
182
239
213
230
264
247
273
352
298
368
359
383
377
404
419
389
398
370
373
395
369
354
345
308
275
283
271
234
243
184
192
159
180
142
119
120
117
114
82
113
101
102
77
98
86
78
75
79
88
70
76
96
76
75
91
84
89
77
74
90
77
86
82
74
70
70
92
87
75
91
76
88
81
86
94
71
89
86
82
61
76
78
94
92
83
75
87
100
85
80
82
95
90
83
89
83
88
74
90
72
82
77
85
82
73
75
73
80
91
83
87
76
85
62
71
62
69
69
76
68
66
66
89
59
83
66
67
78
67
75
73
63
51
66
63
65
68
68
63
80
72
60
80
72
54
70
53
53
76
62
77
62
62
47
82
79
75
85
81
70
83
91
98
94
131
115
135
154
168
196
183
235
233
279
315
340
380
355
443
416
507
542
516
591
623
664
693
729
711
715
776
747
747
727
739
739
716
717
649
621
563
535
490
453
435
421
389
320
296
294
268
217
186
179
191
150
145
130
106
101
109
96
65
90
71
71
89
73
81
82
65
77
74
76
85
66
68
75
66
63
59
67
68
62
62
61
63
56
60
66
54
66
49
53
51
58
45
47
35
57
59
53
52
55
50
60
63
51
57
48
49
50
47
52
53
47
55
45
36
56
56
61
43
54
57
53
56
61
62
58
43
65
68
56
83
57
74
71
77
67
66
76
89
90
79
91
74
99
94
72
98
92
88
90
82
74
90
74
83
88
79
69
77
77
64
80
64
70
44
56
66
60
52
56
51
52
48
42
67
44
61
59
52
52
62
60
70
63
57
64
63
55
60
77
69
75
64
74
68
83
84
79
92
86
74
71
96
83
90
103
84
94
99
92
87
87
91
82
86
67
74
70
75
79
73
61
65
65
61
60
56
61
75
47
47
49
65
54
35
51
58
44
34
53
46
41
38
43
40
49
41
51
44
49
44
58
47
39
32
43
47
47
50
31
60
54
49
45
45
49
52
59
49
52
40
41
47
49
60
41
58
54
45
50
57
57
53
41
42
51
45
49
52
44
49
52
55
55
60
49
54
61
50
46
53
57
57
51
47
56
61
52
53
47
47
58
51
55
48
55
66
45
51
42
54
48
62
46
61
74
47
53
59
57
65
47
62
51
59
50
51
48
49
59
54
38
39
59
47
58
46
46
41
55
65
58
45
48
54
50
51
60
66
48
69
57
49
56
60
68
56
58
62
62
59
67
56
65
57
46
58
59
74
79
62
67
73
59
66
73
60
86
72
76
71
64
63
75
79
64
69
82
67
82
71
77
78
63
87
59
76
70
69
75
87
84
67
58
82
67
67
74
72
81
56
79
68
83
71
59
63
67
77
62
70
66
66
80
62
81
61
63
75
68
59
58
62
66
64
63
73
70
60
57
52
65
85
56
65
78
46
53
62
73
59
57
62
53
49
64
44
50
64
51
63
69
63
55
61
53
63
58
61
71
64
65
60
54
59
59
73
58
53
64
62
71
51
67
68
64
61
63
65
64
70
60
80
75
73
67
75
80
60
69
80
78
66
72
85
86
95
66
81
87
91
91
83
81
84
85
90
89
87
93
94
72
86
82
82
71
68
72
62
86
72
71
64
78
75
70
76
77
72
79
81
85
77
78
80
68
79
74
75
92
68
83
79
85
71
63
106
74
69
79
57
86
87
83
80
76
77
71
74
77
87
81
79
96
84
86
89
102
97
105
99
122
116
137
127
139
134
168
152
159
163
158
179
185
233
192
196
215
211
208
201
197
172
194
179
203
174
163
151
143
150
114
124
120
111
128
111
90
104
97
97
82
84
84
74
67
65
95
69
77
75
67
86
72
77
72
81
81
76
78
68
79
72
82
76
71
73
74
77
84
81
102
81
73
118
103
88
98
107
93
98
104
101
108
81
96
104
113
99
96
101
87
108
104
91
92
101
86
70
79
73
73
78
73
75
67
65
70
80
64
64
68
77
62
62
58
51
61
45
62
70
70
48
67
68
68
57
66
60
80
73
79
89
78
97
83
99
115
113
115
151
142
132
107
111
144
144
134
168
153
161
149
155
139
161
121
150
138
121
118
117
115
103
87
100
82
75
83
72
80
72
57
57
49
57
72
46
53
56
48
42
60
64
61
39
58
48
46
40
43
47
49
51
35
42
49
42
49
54
51
52
52
62
65
78
64
75
78
96
106
100
87
125
119
129
133
131
167
151
176
162
168
174
195
182
208
197
211
191
198
194
194
205
192
195
185
202
173
154
178
139
155
155
138
132
124
132
118
102
95
91
93
81
67
84
58
69
67
55
50
57
44
44
42
29
51
33
26
34
42
41
31
38
40
35
37
28
27
40
39
35
45
47
37
37
36
33
33
40
44
23
33
26
29
26
27
26
35
30
27
13
25
22
31
26
20
34
25
20
20
15
16
18
23
12
12
19
14
19
20
17
17
7
24
16
22
17
20
18
13
16
14
19
8
16
16
16
11
8
12
14
15
14
10
10
8
8
10
13
18
14
12
16
21
25
20
22
18
20
30
28
41
43
68
67
42
74
71
76
75
91
104
101
104
117
120
114
105
115
128
109
127
112
107
100
85
86
82
86
86
77
73
63
55
49
54
55
42
44
27
33
34
22
20
15
16
8
17
4
12
11
9
10
14
9
3
6
5
6
8
5
6
7
6
5
6
4
8
10
4
8
3
8
6
5
4
6
3
8
8
6
3
6
5
3
3
2
1
0
4
1
5
1
3
2
2
2
4
1
1
2
4
2
4
1
1
0
1
2
4
0
2
0
5
0
2
3
0
2
1
0
2
0
4
2
1
1
0
2
1
1
0
0
1
4
2
0
0
1
3
1
0
0
0
2
2
2
0
2
0
2
3
1
0
4
1
1
0
1
5
3
1
2
0
2
1
1
2
1
1
1
5
0
3
1
2
4
1
4
1
4
0
0
3
3
1
1
2
1
0
1
4
1
2
1
3
2
1
1
0
0
0
1
1
2
0
1
2
1
2
1
1
1
2
1
0
0
2
0
0
4
3
1
0
1
2
1
3
1
3
1
2
0
0
1
2
1
1
3
0
1
2
1
3
3
0
0
3
1
1
2
3
1
1
1
2
2
1
2
1
1
3
0
0
5
1
1
1
2
3
3
1
0
2
2
1
0
0
1
0
2
2
0
2
0
1
0
1
2
2
1
0
1
0
0
1
1
0
0
0
0
0
2
0
2
0
1
2
1
0
0
1
1
2
0
0
0
2
5
2
1
1
0
0
2
1
1
0
1
0
1
3
3
3
2
0
0
1
0
0
2
0
2
2
1
0
1
1
1
0
0
0
1
0
1
1
1
1
0
0
1
2
0
0
0
0
0
0
0
0
1
0
0
0
0
0
0
0
0
0
0
0
0
0
0
1
0
0
0
0
0
0
0
0
0
0
0
0
0
0
0
0
0
0
0
1
0
0
0
0
1
1
0
1
0
0
0
0
0
0
1
0
0
1
1
0
0
0
0
0
0
1
0
0
0
0
0
0
0
0
0
0
0
0
0
0
0
0
0
0
0
1
0
0
0
0
0
1
0
0
0
0
0
0
0
0
0
0
0
0
0
0
1
0
0
0
0
0
0
0
0
0
0
0
0
0
0
0
0
0
0
0
0
0
0
0
0
0
0
0
0
0
0
0
1
0
0
0
0
0
0
0
0
0
0
0
0
0
0
0
0
0
0
0
0
0
0
0
0
0
0
0
0
0
0
0
0
0
0
0
0
0
0
0
0
0
0
0
0
0
0
0
0
0
0
0
0
0
0
0
0
0
0
1
0
0
0
0
0
0
0
0
0
0
0
0
0
0
0
1
0
0
0
0
1
0
0
0
0
0
0
0
0
0
0
0
0
0
0
0
0
0
0
0
0
0
0
0
0
0
0
0
0
0
0
0
0
0
0
0
0
0
0
0
0
0
0
0
0
0
0
0
0
0
0
0
0
0
0
0
0
0
0
0
0
0
0
0
0
0
0
0
1
0
0
0
0
0
0
0
0
0
0
1
0
0
0
0
0
0
0
0
0
0
0
0
0
0
0
0
0
1
0
0
0
0
0
0
0
0
0
0
0
1
0
0
0
0
0
1
0
0
0
0
0
0
0
0
0
0
0
0
0
0
0
0
0
0
0
0
0
0
0
0
0
0
0
0
0
0
0
0
0
0
0
0
0
0
0
0
0
1
0
1
0
0
0
0
0
0
0
0
0
0
0
0
0
0
0
0
0
0
0
0
0
0
0
0
0
0
0
0
0
0
0
0
0
0
0
0
0
0
0
0
0
0
1
0
0
0
0
0
0
0
0
0
0
0
0
0
0
0
0
0
0
0
0
0
0
0
0
0
0
0
0
0
0
0
0
0
0
0
0
0
0
0
0
0
0
0
0
0
0
0
0
0
0
0
0
0
0
0
0
0
0
0
0
0
0
0
0
0
0
0
0
0
0
0
0
0
0
0
0
0
0
0
0
1
0
0
0
0
0
0
0
0
0
0
0
0
0
0
0
0
0
0
0
0
0
1
0
0
0
0
0
0
1
0
0
0
0
0
0
0
0
0
0
1
0
0
0
0
0
0
0
0
0
0
0
0
0
0
0
0
0
0
0
0
0
0
0
0
0
0
0
0
0
0
0
0
0
0
0
0
0
0
0
0
0
0
0
0
0
0
0
0
0
0
0
0
0
0
0
0
0
0
0
0
0
0
0
0
0
0
0
0
0
0
0
0
0
0
0
0
0
0
1
0
0
0
0
0
0
0
1
0
0
0
0
0
0
0
0
0
0
0
0
0
0
0
1
0
0
0
0
0
0
0
0
0
0
0
0
0
0
0
0
0
0
0
0
0
0
0
0
0
0
0
0
0
0
0
0
1
0
0
0
0
0
0
0
0
0
0
0
0
0
0
0
0
0
0
0
0
0
1
0
0
0
0
0
0
0
0
0
0
0
0
0
0
0
0
0
0
0
0
0
0
0
0
0
0
0
0
0
0
0
0
1
0
0
0
0
0
0
0
0
0
0
0
0
0
0
0
0
0
0
0
0
0
0
0
0
0
0
0
0
0
0
0
0
0
0
0
0
0
0
0
0
0
0
0
0
0
0
0
0
0
0
0
0
0
0
0
0
0
0
0
0
0
0
0
0
0
0
0
0
0
0
0
0
0
0
0
0
0
0
0
0
1
0
0
0
0
0
0
0
0
0
0
0
0
0
0
0
0
0
0
0
0
0
0
0
0
0
1
0
0
0
0
0
0
0
0
0
0
0
0
0
0
0
0
0
0
0
0
0
0
0
0
0
0
0
0
0
0
0
0
0
0
0
0
0
0
0
0
0
0
0
0
0
0
0
0
0
0
0
0
0
0
0
0
1
0
0
0
0
0
0
0
0
0
0
0
0
0
0
0
0
0
0
0
0
0
0
0
0
0
0
0
0
0
0
0
0
0
0
0
0
0
0
0
0
0
0
0
0
1
0
0
0
0
0
0
0
1
0
0
0
1
0
0
0
0
0
0
0
0
0
0
0
0
0
1
0
0
0
0
0
0
0
0
0
0
0
0
0
0
0
0
0
0
0
0
0
0
0
0
0
0
0
0
0
0
0
0
0
0
0
0
1
2
0
0
0
0
0
0
0
0
0
0
0
0
0
0
0
0
0
0
0
0
0
0
0
0
0
0
0
0
0
0
0
0
0
0
1
0
0
1
0
0
0
0
0
0
0
1
0
0
0
0
0
0
0
1
0
0
0
0
1
0
0
0
0
0
0
0
0
0
0
0
0
0
0
0
0
0
0
0
0
0
0
0
0
0
0
0
0
0
0
0
0
0
0
0
0
0
0
0
0
0
0
0
0
0
0
0
0
0
0
0
0
0
0
0
0
0
0
0
0
0
0
0
0
0
0
0
0
0
0
0
0
0
0
0
0
0
0
0
0
0
0
0
0
0
0
0
0
0
0
0
0
0
0
0
0
0
0
0
0
0
0
0
0
0
0
0
0
0
0
0
0
0
0
0
0
0
0
0
0
0
0
0
0
0
0
0
0
0
0
0
0
0
0
0
0
0
0
0
0
0
0
0
0
1
0
0
0
0
1
0
0
0
0
0
0
0
0
0
0
0
0
0
0
0
0
0
0
0
0
0
0
0
0
0
0
0
0
0
0
0
0
0
0
0
0
0
0
0
0
0
0
0
0
0
0
0
0
0
0
0
0
0
0
0
0
1
0
0
0
0
0
0
0
0
0
0
0
0
0
0
0
0
0
0
0
0
0
0
0
0
0
0
0
0
0
0
0
0
0
0
0
0
0
0
0
0
0
0
0
0
0
0
0
0
0
0
0
0
0
0
0
0
0
0
0
0
0
0
0
0
0
0
0
0
0
0
0
0
0
0
0
0
0
0
0
1
0
0
0
0
0
0
0
0
0
0
0
0
0
0
1
0
0
0
0
0
0
0
0
0
0
0
0
0
0
0
0
0
0
0
0
0
0
0
0
0
0
0
0
0
0
0
0
0
0
0
0
0
0
0
0
0
0
0
0
0
0
0
0
0
0
0
0
0
0
0
0
0
0
0
0
0
1
0
0
0
0
1
0
0
0
0
0
0
0
0
0
0
2
0
0
0
0
0
0
0
0
0
0
0
0
0
0
0
0
0
0
0
0
0
0
0
0
0
0
0
0
0
0
0
1
0
0
0
0
0
1
0
1
0
0
0
0
0
0
0
0
0
0
0
0
0
1
1
0
0
0
0
0
0
0
0
0
0
0
0
0
0
0
0
0
0
0
0
0
0
0
0
0
0
0
0
0
0
0
0
0
0
0
0
0
0
0
0
0
0
0
0
0
0
0
0
0
0
0
0
0
0
0
0
0
1
0
0
0
0
0
0
0
0
0
0
0
0
0
0
0
0
0
0
0
0
0
0
0
0
0
0
0
0
1
0
0
0
0
0
0
0
0
0
0
0
0
0
0
0
0
0
0
0
0
0
0
0
0
0
0
0
0
0
0
0
0
0
0
0
0
0
0
0
0
0
0
0
0
0
0
1
0
0
0
0
0
0
0
0
0
0
0
0
0
0
0
1
0
0
0
0
0
0
0
0
0
0
0
1
0
0
0
0
0
1
0
0
0
0
0
0
0
0
0
0
0
0
0
0
0
1
0
0
0
0
0
0
0
0
0
0
0
0
0
0
0
0
0
0
0
0
0
0
0
1
0
0
0
0
0
1
0
0
0
0
1
0
0
0
0
0
0
0
0
0
0
0
0
0
0
0
0
0
0
0
0
0
2
0
0
0
0
0
0
0
0
1
0
0
0
0
0
0
0
0
0
0
0
0
0
0
0
0
0
0
0
0
0
0
0
0
0
0
0
0
0
0
0
0
0
0
0
0
0
0
0
0
0
0
0
0
0
0
0
0
0
0
0
0
0
0
0
0
0
0
0
0
0
0
0
0
0
0
0
0
0
0
0
0
0
0
0
0
0
0
0
0
0
0
0
0
0
0
0
0
0
0
0
0
0
0
0
0
0
0
0
0
0
0
0
0
0
0
0
0
0
0
0
0
0
0
0
0
0
0
0
0
0
0
0
0
0
0
0
0
0
0
0
0
0
0
0
0
0
0
0
0
0
0
0
0
0
0
0
0
0
0
0
0
0
0
0
0
0
0
0
0
0
0
0
0
0
0
0
0
0
0
0
0
0
0
0
0
0
0
0
0
0
0
0
0
0
0
0
0
0
0
0
0
0
0
0
0
0
0
0
0
0
0
0
0
0
0
0
0
0
0
0
0
0
0
0
0
0
0
0
0
0
0
0
0
0
0
0
0
0
0
0
0
0
0
0
0
0
0
0
0
0
0
0
0
0
0
0
0
0
0
0
0
0
0
0
0
0
0
0
0
0
0
0
0
0
0
0
0
0
0
0
0
0
0
0
0
0
0
0
0
0
0
0
0
0
0
0
0
0
0
0
0
0
0
0
0
0
0
0
0
0
0
0
0
0
0
0
0
0
0
0
0
0
0
0
0
0
0
0
0
0
0
0
0
0
0
0
0
0
0
0
0
0
0
0
0
0
0
0
0
0
0
0
0
0
0
0
0
0
0
0
0
0
0
0
0
0
0
0
0
0
0
0
0
0
0
0
0
0
0
0
0
0
0
0
0
0
0
0
0
0
0
0
0
0
0
0
0
0
0
0
0
0
0
0
0
0
0
0
0
0
0
0
0
0
0
0
0
0
0
0
0
0
0
0
0
0
0
0
0
0
0
0
0
0
0
0
0
0
0
0
0
0
0
0
0
0
0
0
0
0
0
0
0
0
0
0
0
0
0
0
0
0
0
0
0
0
0
0
0
0
0
0
0
0
