21
0
0
0
0
1
6
1
2
0
4
7
2
4
0
0
0
1
1
1
2
1
0
1
0
1
1
1
1
0
0
0
2
1
0
2
0
0
0
1
2
0
1
2
0
0
0
0
0
0
0
0
1
0
0
1
3
5
5
11
10
14
17
22
27
39
54
68
88
102
127
172
173
208
250
281
309
353
373
375
412
437
465
461
437
479
493
465
477
529
494
536
476
498
529
560
516
533
536
587
517
560
541
558
529
552
585
554
569
534
594
589
615
583
622
566
568
586
600
599
570
634
594
605
632
609
632
605
595
603
577
594
587
601
614
602
572
593
626
623
615
619
622
643
591
611
650
606
616
580
654
597
591
609
570
628
619
615
588
615
609
563
576
552
584
569
580
576
586
618
649
604
600
572
541
587
572
588
622
599
596
568
595
648
578
566
565
598
598
577
590
580
586
608
590
582
554
597
576
590
597
533
592
548
560
524
515
587
577
613
570
595
552
528
563
565
534
545
590
548
586
547
567
565
563
554
543
573
541
553
528
506
572
560
547
516
516
525
557
577
518
528
502
528
546
553
520
506
542
516
518
562
570
500
526
464
502
485
489
532
498
505
538
515
499
484
498
546
518
511
514
524
535
474
489
498
468
515
486
446
498
524
506
486
497
463
513
439
510
477
496
484
503
484
448
472
460
466
470
485
478
490
469
486
528
503
498
471
474
430
439
480
486
525
483
477
459
492
512
479
479
458
467
447
486
474
491
487
513
460
457
497
481
515
495
492
452
469
493
512
507
530
489
462
560
525
565
545
570
569
564
567
617
605
632
620
615
643
609
633
601
637
604
669
660
630
645
657
681
652
667
622
607
575
610
547
607
557
542
558
573
553
516
534
538
510
583
539
504
517
484
504
475
468
522
481
525
452
464
457
496
511
446
462
483
433
452
472
415
455
498
424
428
421
414
479
448
409
417
452
420
428
450
436
440
420
447
397
434
401
418
416
460
443
442
438
426
431
363
404
412
406
408
377
462
424
423
388
395
365
431
413
431
407
420
413
442
376
412
396
422
408
406
417
410
409
412
415
408
396
383
398
431
431
408
401
393
404
386
381
411
365
399
388
375
380
405
384
429
345
407
366
396
388
398
394
380
387
384
400
356
392
399
360
380
359
409
416
425
398
387
393
356
375
407
382
375
387
375
395
389
374
374
381
384
379
390
428
385
393
411
360
413
356
430
371
360
358
405
374
384
393
425
373
361
390
351
364
356
423
337
395
358
349
358
365
383
344
374
345
351
375
323
373
358
354
382
351
337
334
351
328
335
361
360
359
339
334
356
346
363
364
355
362
391
368
349
379
370
339
329
315
375
356
379
361
357
374
382
352
349
372
339
337
359
361
361
378
357
358
372
353
324
346
334
347
353
342
340
376
345
301
341
356
353
329
337
320
347
322
366
329
300
332
334
293
290
306
317
311
305
307
318
352
295
289
296
335
295
337
286
362
347
328
326
315
306
336
307
338
317
312
291
341
313
303
329
348
318
313
309
344
319
326
330
331
330
330
313
303
278
353
301
290
290
333
275
307
335
261
330
316
303
321
307
304
301
300
314
315
355
299
311
320
317
295
309
301
308
325
284
319
299
317
296
283
326
288
337
304
316
280
327
289
309
312
305
319
332
297
315
297
321
309
302
298
300
327
327
286
305
306
278
305
291
297
269
317
261
255
287
329
319
293
298
294
301
305
321
309
290
321
327
290
299
291
291
313
298
305
311
309
285
309
318
303
297
295
273
294
314
320
315
316
315
290
284
302
299
337
310
336
302
316
302
288
288
326
294
310
278
315
325
318
313
306
297
311
276
296
306
298
307
315
283
315
271
282
321
313
318
302
337
303
316
291
287
275
318
336
307
292
300
288
284
320
326
303
299
281
314
322
318
311
316
288
331
312
295
298
313
310
300
328
303
301
311
321
324
307
342
299
321
331
298
362
320
326
348
321
346
317
339
335
354
373
331
316
319
330
328
312
369
343
371
296
347
336
332
334
352
366
357
352
362
368
341
361
366
323
374
353
320
363
343
345
344
361
346
345
385
331
351
343
366
395
336
373
355
361
366
367
391
363
379
364
384
407
385
412
394
383
393
376
376
397
400
394
358
391
409
387
368
362
369
383
388
412
369
411
394
421
414
403
377
421
406
422
373
440
440
403
409
419
409
393
418
420
437
402
418
427
430
434
446
430
450
458
467
440
423
419
453
395
462
421
438
451
442
466
457
422
428
446
449
458
449
459
456
454
475
464
453
513
483
488
509
486
459
491
479
504
454
471
485
486
446
484
474
452
472
442
479
502
504
440
518
475
450
462
483
465
510
506
507
490
485
511
493
493
487
512
469
533
476
509
554
516
499
521
482
554
491
564
528
497
505
569
544
492
518
501
533
550
509
511
578
541
515
554
525
540
591
523
566
529
542
517
530
524
545
564
535
544
577
570
554
521
582
535
564
514
592
560
601
575
562
564
590
582
602
565
569
593
545
568
528
574
587
569
597
628
619
606
598
589
564
594
636
620
642
592
620
598
622
599
634
645
649
625
639
627
679
640
611
662
644
634
646
652
626
659
636
677
688
654
721
692
641
664
651
644
702
675
639
681
688
655
680
673
677
719
718
694
718
732
686
720
775
731
783
735
763
754
762
749
738
798
719
751
787
796
803
740
764
684
775
766
819
746
770
810
832
831
803
844
771
816
771
867
815
864
847
832
839
863
859
939
846
895
919
853
898
887
940
916
899
873
864
877
906
934
924
927
905
920
974
984
955
920
914
969
970
1027
971
944
979
988
945
944
948
1012
959
918
1054
959
1043
983
1026
1100
993
1043
1002
1095
1075
1061
1058
1073
1052
1087
1021
1064
1128
1058
1119
1205
1169
1108
1086
1188
1072
1151
1224
1170
1127
1115
1123
1126
1105
1147
1222
1132
1132
1128
1162
1157
1102
1105
1151
1146
1113
1133
1090
1132
1110
1098
1018
1062
1087
1049
1029
1030
942
988
934
968
927
939
944
947
888
896
874
883
834
884
807
862
860
842
816
798
831
824
823
799
809
802
789
779
762
785
834
797
809
770
781
808
759
771
796
789
778
781
791
852
858
819
814
818
788
778
789
767
826
801
791
818
798
786
779
772
803
799
769
804
775
806
774
780
779
777
780
722
731
739
776
698
751
701
696
651
678
704
677
726
726
717
731
712
709
729
730
684
753
759
867
840
920
1024
1135
1138
1200
1336
1474
1568
1754
1824
1930
2072
2277
2477
2531
2709
2676
2923
3101
3006
3122
3127
3179
3018
3035
3001
2930
2711
2613
2454
2349
2122
1955
1853
1640
1553
1360
1163
1043
924
820
704
603
496
434
398
304
323
224
204
196
127
153
144
118
105
102
102
97
115
102
113
111
138
136
121
141
165
165
193
242
278
276
297
360
390
434
489
643
643
761
869
939
1007
1152
1251
1410
1546
1732
1782
1909
2036
2089
2236
2301
2533
2502
2580
2618
2521
2542
2407
2419
2309
2217
2047
1969
1921
1722
1552
1442
1358
1103
1030
953
804
657
620
548
431
346
313
277
227
201
137
150
102
104
76
71
50
62
42
44
36
49
40
66
41
38
51
55
45
48
46
51
68
62
57
48
53
53
69
51
58
66
65
60
60
58
54
57
46
45
47
49
31
56
29
41
36
29
26
25
33
31
24
18
23
23
24
21
21
26
28
25
23
25
26
18
18
27
17
18
21
26
15
25
21
21
17
24
20
22
29
27
23
24
12
13
20
17
23
22
23
24
23
26
15
24
20
13
18
19
13
20
23
18
21
22
22
22
28
27
24
23
25
28
25
25
20
23
28
25
25
19
20
21
28
30
22
21
30
30
21
17
17
16
24
18
30
22
27
18
22
26
22
25
29
31
36
35
21
18
29
20
30
28
17
35
28
21
22
23
25
28
19
19
23
22
22
25
21
15
36
23
20
14
23
22
13
23
28
28
28
25
27
22
24
21
25
23
19
27
16
25
26
22
26
26
17
25
21
16
26
17
18
23
23
29
14
30
18
17
18
16
25
29
17
24
16
30
19
19
30
22
25
26
32
26
21
36
17
19
19
19
27
18
19
25
19
17
19
27
24
30
22
24
22
28
17
18
14
28
24
15
9
27
22
22
18
20
20
21
13
15
21
22
16
21
18
22
16
19
13
13
18
15
13
24
16
17
19
23
19
21
29
15
21
22
26
26
19
23
22
21
15
19
21
18
24
22
23
16
17
26
22
22
19
14
20
20
31
22
19
16
18
19
21
21
13
18
13
18
17
14
13
13
16
9
10
11
13
7
12
13
17
7
9
9
10
9
6
7
8
4
8
2
6
5
6
4
6
4
4
5
4
8
4
7
3
3
6
3
10
5
10
7
6
8
7
5
12
15
14
12
17
9
13
17
13
14
17
17
14
15
11
10
13
18
13
11
8
10
12
6
11
6
7
4
3
10
6
5
3
4
4
6
3
1
1
2
0
1
1
0
1
1
1
0
0
0
0
1
1
0
1
1
0
1
0
0
0
0
0
1
0
1
0
0
1
0
0
0
0
0
0
0
0
1
1
1
0
0
0
1
0
0
0
0
0
0
0
0
1
0
0
0
0
0
0
0
0
0
0
0
0
0
1
0
1
0
1
0
0
1
1
0
0
0
0
0
0
0
0
0
1
0
1
0
0
0
0
0
0
0
0
0
0
0
0
2
1
0
1
0
0
3
1
0
0
0
0
0
0
0
0
0
0
0
0
0
0
0
0
0
0
0
0
0
0
0
0
0
0
0
0
0
0
0
0
0
0
1
0
0
0
1
1
0
0
2
1
0
0
0
0
0
0
0
0
0
0
1
0
0
0
0
0
0
0
1
0
0
0
0
0
0
0
0
0
0
1
0
0
1
0
0
0
0
0
0
0
0
0
0
0
0
0
1
0
0
0
0
0
1
0
0
0
0
0
0
0
0
0
0
0
0
0
0
1
0
0
0
0
0
0
0
0
0
0
0
0
0
1
1
0
1
0
0
1
0
0
0
0
1
0
1
0
0
1
0
0
1
0
0
1
0
0
0
1
0
0
1
0
0
0
0
1
0
0
0
0
0
0
0
0
1
0
0
0
0
0
1
0
0
0
1
0
0
0
0
0
2
1
0
0
0
0
0
0
0
0
1
0
1
0
0
0
0
1
0
0
0
0
0
0
1
0
1
0
0
0
0
1
0
0
3
1
1
2
0
0
1
0
0
0
1
0
0
0
0
0
0
0
0
0
0
0
0
1
0
0
1
0
0
0
0
0
0
0
1
0
0
0
1
0
0
0
0
0
0
0
0
0
0
0
1
0
0
0
0
0
0
0
0
0
0
0
0
0
0
0
0
1
0
0
0
0
0
0
0
0
0
1
0
1
0
0
0
1
1
0
2
0
0
0
0
0
1
0
1
2
1
0
1
0
0
0
0
0
0
0
0
0
0
0
0
0
0
0
1
0
0
0
0
0
0
0
0
0
0
0
1
1
0
0
0
0
0
0
0
0
0
0
0
1
0
0
0
0
0
0
0
0
2
0
1
0
0
0
0
0
0
0
0
1
1
0
0
0
1
0
0
0
0
0
0
0
0
0
0
0
0
1
0
0
0
0
1
0
0
0
0
0
0
0
0
0
0
0
2
1
1
0
0
0
0
0
0
0
0
0
0
0
0
0
1
0
0
0
0
0
0
0
0
0
0
0
0
1
0
0
1
0
0
0
0
1
0
0
0
0
0
1
0
0
0
0
1
0
0
1
0
0
0
0
1
0
0
0
0
0
0
0
0
2
0
0
0
0
1
0
0
1
0
0
0
0
0
1
1
0
0
0
0
0
0
2
0
1
0
0
0
0
0
1
0
1
1
0
0
0
0
0
0
0
2
0
0
1
1
0
0
0
0
1
0
2
0
0
0
1
0
0
1
0
0
0
0
0
0
0
0
0
0
0
0
0
0
1
0
0
0
0
0
0
0
0
0
0
0
0
0
0
0
0
0
0
0
0
0
0
0
0
0
1
0
0
0
0
1
0
0
1
0
0
1
0
1
0
0
0
0
0
1
0
1
0
0
1
1
1
0
0
0
0
0
1
0
0
0
0
0
0
2
0
0
0
1
0
0
0
0
0
0
0
0
1
1
0
0
0
1
0
0
0
1
0
1
1
0
0
0
0
0
1
0
2
0
0
1
0
0
0
0
0
1
0
1
0
0
0
0
0
0
0
2
0
0
0
1
0
0
1
1
0
0
0
0
0
0
0
0
0
0
1
0
0
0
0
1
0
0
1
1
0
0
0
0
2
1
0
0
0
0
0
0
1
0
0
0
0
0
0
0
0
0
0
1
1
0
0
0
0
0
0
0
1
0
0
0
1
2
0
0
0
0
0
0
0
0
0
0
0
0
0
1
0
0
0
0
0
1
0
0
0
0
0
0
0
1
0
1
0
0
0
0
0
0
0
0
1
0
0
0
0
0
0
0
0
1
0
1
1
0
1
0
0
0
0
0
0
0
0
0
0
0
0
0
0
0
0
0
0
0
0
1
0
0
1
0
0
0
0
0
0
0
0
0
0
0
0
0
0
0
0
0
0
1
0
0
0
0
0
0
0
1
0
0
0
0
0
0
0
0
0
0
0
0
0
0
0
1
0
0
0
0
0
0
0
0
0
0
1
0
0
0
0
0
0
0
1
0
0
0
0
0
0
0
0
0
0
0
0
0
0
0
0
0
0
0
0
0
0
0
0
0
0
1
1
0
0
0
0
0
0
0
0
0
0
0
1
0
2
0
0
0
0
0
1
0
0
0
0
0
0
0
1
0
0
0
0
0
1
2
0
0
0
2
0
0
1
0
0
0
0
0
0
0
1
0
0
0
0
1
0
1
0
0
0
0
0
0
1
0
0
0
0
1
0
0
0
0
0
0
0
0
0
0
0
0
0
0
0
1
0
0
0
0
0
0
0
1
0
0
0
0
0
1
0
1
0
0
0
0
0
1
0
0
0
0
0
0
0
0
0
0
0
1
0
0
1
0
0
0
1
0
0
0
0
0
0
0
0
0
0
0
1
0
0
0
1
0
0
0
0
0
0
0
0
0
0
0
0
0
0
0
0
0
0
0
0
0
1
0
0
0
0
1
0
0
0
0
0
0
0
0
0
0
0
0
0
0
0
0
0
0
0
1
0
0
0
0
2
0
1
0
0
0
0
0
0
0
0
0
0
0
0
0
0
0
0
0
0
0
0
0
0
0
0
0
0
0
0
0
1
0
1
0
1
1
0
0
0
0
1
1
0
0
0
0
0
1
1
0
0
0
0
0
0
0
0
0
0
0
0
0
0
1
0
0
0
0
1
0
0
0
1
0
1
0
0
0
0
0
0
0
0
0
0
0
0
0
0
0
0
0
0
1
1
0
0
0
0
1
0
0
0
0
0
0
0
0
0
0
0
1
0
0
0
0
0
0
0
0
0
0
0
0
0
0
0
0
0
0
0
1
0
0
1
0
0
1
0
0
1
1
0
0
0
0
0
0
0
0
0
0
0
0
0
0
0
0
0
0
1
0
0
0
0
0
1
0
0
0
0
0
0
0
0
0
0
0
2
1
0
0
0
0
0
0
0
0
0
1
0
0
0
0
0
0
0
0
0
0
0
0
0
0
0
0
0
0
0
0
0
0
1
0
0
1
0
0
0
0
0
1
0
0
0
0
0
1
1
0
0
0
0
0
0
1
0
0
0
0
0
0
1
0
0
0
0
1
0
0
0
0
1
0
0
0
0
0
0
0
0
0
0
1
0
0
0
0
0
0
0
0
0
0
0
0
0
1
0
0
0
0
0
1
0
0
1
2
0
0
0
0
0
0
0
0
0
1
0
0
0
0
0
1
0
0
0
0
0
1
0
2
1
0
0
0
0
1
0
0
0
1
0
0
0
1
0
0
1
0
0
0
0
1
0
0
0
0
1
1
0
1
0
0
2
0
0
0
0
0
0
0
1
0
0
0
0
1
0
1
0
0
0
0
0
0
0
1
0
1
0
1
0
0
0
0
1
0
2
1
0
0
0
0
0
0
0
0
1
0
1
1
0
0
0
3
1
0
0
0
0
0
2
1
1
0
0
0
2
0
0
0
0
1
0
0
1
0
0
0
0
0
0
1
0
0
1
2
0
0
1
0
1
1
1
1
0
0
0
1
2
1
0
0
0
1
0
1
0
1
0
0
2
0
1
1
2
1
0
3
0
3
0
0
0
1
0
1
0
0
1
1
0
1
0
0
1
0
1
0
1
2
0
1
1
0
0
0
2
0
0
0
0
0
0
0
1
0
0
1
0
0
0
0
0
0
0
0
0
0
0
0
0
0
0
0
0
0
0
0
0
0
0
0
0
0
0
0
0
0
0
0
0
1
0
0
0
0
0
0
0
0
1
0
0
0
0
0
0
0
0
0
0
0
0
0
0
0
0
0
0
0
0
0
0
0
0
0
0
0
0
0
0
0
0
0
0
0
0
0
0
0
0
0
0
0
0
0
0
0
0
0
0
0
0
0
0
0
0
0
0
0
0
0
0
0
0
0
0
0
0
0
0
0
0
0
0
0
0
0
0
0
0
0
0
0
0
0
0
0
0
0
0
0
0
0
0
0
0
0
0
0
0
0
0
0
0
0
0
0
0
0
0
0
0
0
0
0
0
0
0
0
0
0
0
0
0
0
0
0
0
0
0
0
0
0
0
0
0
0
0
0
0
0
0
0
0
0
0
0
0
0
0
0
0
0
0
0
0
0
0
0
0
0
0
0
0
0
0
0
0
0
0
0
0
0
0
0
0
0
0
0
0
0
0
0
0
0
0
0
0
0
0
0
0
0
0
0
0
0
0
0
0
0
0
0
0
0
0
0
0
0
0
0
0
0
0
0
0
0
0
0
0
0
0
0
0
0
0
0
0
0
0
0
0
0
0
0
0
0
0
0
0
0
0
0
0
0
0
0
0
0
0
0
0
0
0
0
0
0
0
0
0
0
0
0
0
0
0
0
0
0
0
0
0
0
0
0
0
0
0
0
0
0
0
0
0
0
0
0
0
0
0
0
0
0
0
0
0
0
0
0
0
0
0
0
0
0
0
0
0
0
0
0
0
0
0
0
0
0
0
0
0
0
0
0
0
0
0
0
0
0
0
0
0
0
0
0
0
0
0
0
0
0
0
0
0
0
0
0
0
0
0
0
0
0
0
0
0
0
0
0
0
0
0
0
0
0
0
0
0
0
0
0
0
0
0
0
0
0
0
0
0
0
0
0
0
0
0
0
0
0
0
0
0
0
0
0
0
0
0
0
0
0
0
0
0
0
0
0
0
0
0
0
0
0
0
0
0
0
