21
0
0
0
0
0
1
0
0
0
1
0
2
1
0
1
0
0
1
0
0
0
1
1
0
1
0
0
1
0
0
0
0
0
1
0
0
0
0
0
0
0
0
0
0
0
0
0
0
0
1
0
0
0
0
0
0
0
0
0
1
2
4
10
12
16
26
50
71
103
141
212
254
293
371
458
488
585
643
741
765
840
834
874
923
902
970
950
997
1015
943
988
991
1007
996
930
1036
1025
996
978
956
1004
973
1030
960
983
924
944
930
950
961
910
949
929
978
939
973
921
955
1005
944
942
939
949
959
950
967
923
921
925
918
887
987
991
945
899
931
931
912
953
894
910
877
969
913
852
877
924
853
878
882
874
849
871
863
884
832
877
815
939
837
895
902
859
836
851
873
869
892
831
830
838
845
850
760
836
858
835
797
837
779
800
822
798
798
826
849
834
888
830
794
801
832
806
822
764
758
741
852
739
823
758
813
760
759
806
749
787
863
805
837
838
844
889
818
926
916
960
918
931
979
977
1029
1095
1023
1120
1105
1188
1100
1111
1180
1125
1158
1067
1066
1062
1062
1017
1077
978
992
998
947
932
955
935
893
984
887
918
877
861
891
876
820
875
867
844
876
841
900
837
797
840
796
874
849
772
789
865
819
832
819
781
805
760
776
826
764
777
744
747
819
733
751
796
795
787
719
776
768
710
709
702
757
734
716
780
735
737
715
749
729
744
760
745
745
682
737
702
726
650
702
738
692
683
668
735
704
704
670
700
690
710
708
748
705
754
679
699
727
694
643
716
684
659
656
690
691
688
649
685
660
652
649
628
645
664
627
656
647
662
671
673
670
679
673
660
598
626
627
626
642
617
639
633
604
658
660
660
682
601
646
614
657
609
611
622
626
625
571
603
573
594
618
640
583
572
629
557
627
603
609
571
591
560
583
597
609
571
596
636
562
613
581
554
556
568
554
576
589
595
539
570
554
584
575
532
598
574
593
592
550
560
576
559
567
586
603
568
563
531
598
586
576
553
558
603
546
578
574
588
559
572
518
546
514
595
538
590
575
562
563
550
540
575
579
570
553
570
535
606
518
541
491
564
544
587
561
569
575
574
565
553
567
509
566
558
568
542
518
536
558
528
545
533
573
548
556
547
529
564
568
552
534
536
549
556
541
580
586
527
550
542
582
553
559
538
482
529
543
502
525
535
554
549
578
532
501
533
589
521
522
527
537
606
548
568
592
573
600
555
541
591
559
553
560
565
555
573
588
569
552
584
587
607
553
548
536
607
548
581
570
527
572
535
608
514
561
548
568
535
535
539
576
568
512
536
561
528
573
537
532
545
581
532
541
607
571
578
511
544
570
561
529
554
537
537
559
563
594
581
588
556
542
565
568
590
575
527
592
570
580
523
589
556
540
613
587
594
550
552
563
545
571
563
590
592
568
541
567
582
567
576
546
578
607
597
600
587
600
570
610
583
571
583
585
590
603
608
560
555
567
637
608
551
571
595
667
579
607
577
552
618
581
582
630
591
584
575
594
577
567
605
587
598
588
575
597
632
565
574
622
605
619
654
580
571
601
587
592
634
619
582
626
577
600
613
633
567
639
637
613
614
599
608
618
589
615
609
620
608
593
605
643
594
613
580
670
610
571
598
625
639
567
609
594
605
618
599
580
612
600
653
643
675
696
629
637
623
617
630
595
692
636
613
620
604
650
642
641
598
644
668
619
642
659
633
655
629
665
634
653
649
642
656
656
644
641
599
653
648
657
674
659
662
646
697
667
625
651
673
614
664
659
688
681
655
667
648
681
696
673
678
714
692
648
701
676
678
637
701
686
693
762
718
713
748
698
700
761
701
698
726
694
684
674
723
768
779
718
719
740
736
696
753
756
741
745
723
743
733
770
779
726
777
829
742
745
819
775
770
768
774
785
791
710
793
764
729
750
753
808
765
788
776
775
759
804
805
842
841
744
825
790
808
838
814
821
828
822
798
777
789
813
747
787
790
798
880
764
815
844
770
824
753
817
903
819
837
850
845
830
849
852
828
832
820
809
846
853
862
802
919
853
813
872
823
864
893
848
909
923
904
860
891
944
899
909
865
843
913
865
956
955
885
908
926
910
904
904
900
919
931
943
879
932
958
952
948
919
965
934
909
948
974
874
956
952
1009
952
959
929
1016
958
958
958
977
952
958
965
1028
975
938
931
942
997
1011
964
962
908
926
945
907
914
858
856
846
880
911
863
844
827
820
831
839
810
813
752
847
745
792
772
768
767
719
742
729
745
735
705
727
691
703
755
713
729
709
709
734
725
725
678
669
736
694
685
719
660
700
677
678
687
701
668
733
662
703
706
707
708
666
725
727
703
698
755
757
707
740
711
742
705
693
727
703
713
768
735
739
729
725
690
710
753
777
745
707
706
805
741
743
735
752
736
779
743
743
725
743
703
759
737
701
704
677
725
697
724
658
644
649
619
653
629
618
599
645
603
624
606
606
644
662
708
736
769
873
925
1024
1104
1270
1310
1547
1691
1778
2021
2228
2242
2549
2775
2934
3116
3331
3341
3476
3537
3769
3634
3585
3565
3491
3347
3345
3251
3001
2782
2688
2438
2350
2094
1853
1652
1525
1308
1130
943
880
756
605
545
461
363
367
251
234
181
167
142
135
126
115
93
107
90
83
85
75
78
83
72
76
87
67
80
100
77
91
72
79
110
99
128
110
146
146
181
195
229
275
312
351
410
519
633
738
840
975
1096
1307
1404
1603
1799
1984
2130
2407
2555
2590
2768
2880
2970
3087
3035
3112
3238
3051
3054
2867
2772
2678
2564
2221
2161
1961
1784
1650
1493
1212
1061
916
806
682
535
422
389
295
267
200
166
119
110
93
74
64
50
47
40
32
49
35
41
48
45
45
35
44
46
52
49
69
71
58
66
67
66
56
79
75
77
74
88
72
78
61
69
52
74
44
66
59
64
59
41
57
53
46
51
45
31
33
33
38
31
32
24
23
26
27
24
31
23
26
27
21
37
22
24
17
26
29
24
27
31
33
23
16
20
24
19
22
21
25
22
22
19
23
29
27
22
23
23
28
23
19
27
20
29
30
23
21
27
25
15
22
28
23
21
26
21
33
28
21
31
32
20
38
20
24
25
26
26
23
15
16
25
43
25
26
28
14
37
27
27
27
30
21
18
30
34
36
33
29
24
33
29
30
28
39
36
27
30
44
29
34
27
29
29
42
40
32
29
29
25
35
30
29
45
36
25
28
32
24
32
26
25
30
35
36
33
30
29
38
28
21
30
27
31
28
35
26
35
34
33
26
22
27
22
30
35
25
20
23
24
32
29
28
18
30
31
29
35
28
37
31
27
23
27
28
31
28
23
40
26
24
37
21
30
21
28
28
42
28
24
25
31
37
31
28
37
34
25
28
22
27
25
24
24
24
40
23
30
21
22
28
25
19
30
26
27
14
27
35
28
21
30
25
29
34
30
28
26
23
27
22
24
20
21
24
27
31
29
30
18
32
23
24
25
25
26
30
22
18
28
36
29
23
22
23
28
29
19
24
33
25
20
24
15
28
23
16
14
25
12
20
13
18
16
16
13
12
15
20
12
21
18
15
17
12
14
4
10
18
8
7
10
15
8
11
8
5
3
5
9
9
5
15
8
7
8
6
7
9
12
10
11
15
15
14
15
21
16
19
21
28
23
17
17
31
21
26
23
21
16
15
18
17
16
9
12
10
2
8
7
4
1
6
6
3
8
3
1
0
5
6
2
2
2
2
0
0
1
0
0
2
4
1
0
0
2
0
1
0
0
0
2
0
0
1
1
0
0
0
0
0
0
1
1
0
0
0
0
0
1
1
0
0
1
0
3
0
0
1
0
0
0
0
0
0
0
0
1
0
1
0
0
0
0
0
1
0
0
0
0
0
0
0
0
0
0
0
0
0
0
0
0
0
2
0
0
2
1
0
0
0
0
0
0
1
1
2
0
0
0
0
0
0
0
0
0
0
1
0
0
0
0
0
1
1
1
0
0
0
0
0
0
0
0
1
1
0
0
0
0
0
0
0
0
0
2
0
0
0
0
0
0
0
0
0
0
0
1
0
1
1
0
0
1
0
0
0
0
0
0
1
0
1
0
0
0
0
0
0
0
0
0
0
2
0
0
0
1
0
0
0
0
0
0
0
0
0
0
0
0
0
0
0
0
0
0
1
2
2
0
0
0
0
1
1
1
0
0
1
1
0
0
0
0
0
0
0
0
0
0
0
0
1
1
0
0
0
0
0
0
1
1
0
0
0
0
0
1
0
0
0
1
0
0
0
0
0
0
0
0
0
0
0
0
0
0
0
0
2
0
0
0
0
1
0
0
0
0
0
0
0
1
0
0
0
0
0
0
0
0
0
0
0
0
0
1
0
0
0
0
0
1
0
0
0
1
0
1
0
0
2
0
1
0
0
0
0
0
0
1
0
0
0
0
0
0
0
1
0
0
0
0
0
0
0
0
0
0
1
0
0
0
0
0
0
0
0
0
1
0
0
0
1
0
0
0
1
0
0
0
0
0
0
0
0
0
1
1
0
0
0
0
1
0
0
0
0
0
0
0
0
0
0
0
0
0
0
1
1
2
1
0
0
0
1
0
0
0
0
0
0
1
0
0
0
0
0
0
0
0
1
0
1
0
0
0
1
0
0
0
0
0
0
0
0
0
1
0
0
1
0
0
0
0
0
0
1
0
1
0
2
0
0
1
0
0
0
0
0
0
0
0
0
0
0
0
0
0
0
0
0
0
0
0
0
0
0
0
0
1
1
1
1
0
0
0
1
1
0
1
0
0
0
0
0
1
0
0
0
1
0
0
0
0
0
0
0
0
0
0
0
0
0
0
0
0
0
0
1
0
1
0
0
0
0
0
0
0
0
0
0
1
1
0
1
0
1
0
1
0
0
0
1
0
0
1
0
0
0
0
0
1
0
0
0
0
0
0
1
0
0
0
0
0
0
0
0
1
0
0
0
0
0
0
0
0
0
1
0
0
0
0
0
1
0
0
0
2
0
0
0
0
0
0
0
0
0
0
1
0
0
0
1
0
0
0
0
0
0
0
0
1
0
0
1
0
0
0
1
0
0
0
0
1
1
0
0
0
0
0
0
0
0
0
1
0
0
0
0
1
0
1
0
0
0
0
1
1
0
0
0
0
1
0
0
0
0
1
0
0
0
0
0
0
0
0
0
0
1
0
1
0
0
1
0
0
0
0
0
0
0
0
0
1
0
0
0
0
0
0
0
0
0
1
0
0
0
0
0
0
0
1
0
0
1
0
1
0
0
0
0
0
0
0
0
1
0
0
1
0
0
1
2
0
0
0
0
0
0
0
0
0
0
0
0
1
0
0
0
0
0
1
0
0
0
0
0
1
1
0
0
0
0
0
0
0
0
0
0
0
0
0
0
0
0
0
0
0
0
0
0
0
1
1
1
0
0
0
0
0
0
0
1
1
1
0
0
0
0
0
0
0
1
0
0
0
0
1
0
1
0
0
0
0
1
2
0
0
0
0
0
0
0
0
0
0
0
1
0
0
0
0
1
0
1
0
0
0
2
0
0
0
0
0
0
0
0
0
0
0
0
0
0
0
0
0
0
0
0
0
0
0
0
0
0
0
0
0
0
0
0
0
0
0
0
0
0
0
0
0
0
0
0
1
0
0
0
0
0
0
0
0
0
0
1
0
0
0
1
0
0
0
0
0
0
1
0
0
0
0
0
1
0
0
0
0
1
0
0
1
0
0
0
0
0
0
0
0
0
1
0
1
0
0
0
0
0
0
0
0
0
0
0
0
0
0
0
0
0
0
0
0
1
0
0
1
0
0
0
0
0
0
0
0
0
0
0
0
0
0
0
0
0
0
0
0
0
0
0
0
0
0
0
0
1
0
0
0
0
0
0
0
0
0
0
1
0
0
0
1
0
0
0
0
0
0
0
0
0
0
0
0
0
0
0
0
0
0
0
0
0
1
0
0
1
0
0
0
0
0
0
0
0
2
0
1
0
0
0
0
0
0
0
0
0
0
0
0
0
1
0
0
0
0
1
0
0
0
0
0
0
0
0
0
0
0
0
0
0
0
0
0
0
0
0
0
0
0
0
0
0
0
0
0
0
0
0
0
0
0
0
0
1
0
1
0
0
0
0
0
0
0
0
0
0
1
0
0
0
0
0
0
0
0
1
0
0
0
0
2
1
0
0
0
0
1
0
0
0
0
0
1
0
0
0
0
0
0
0
0
0
1
0
0
0
1
0
0
0
0
0
0
0
0
0
0
0
1
0
1
0
0
0
0
0
0
0
1
0
1
0
0
0
0
0
0
0
0
0
0
0
0
0
0
0
0
0
0
0
0
1
0
0
1
0
0
0
1
0
0
1
0
0
0
0
0
0
0
0
0
0
0
0
0
0
0
0
0
0
0
1
0
0
0
1
0
0
0
0
0
0
0
0
0
0
0
0
1
0
0
0
0
0
0
0
0
0
0
0
0
0
0
0
0
0
0
0
0
0
0
0
0
0
0
0
0
0
0
1
0
1
1
0
0
0
0
1
0
1
0
0
0
1
1
0
0
0
0
0
0
0
0
0
0
0
1
2
0
1
0
0
0
1
0
0
0
0
1
1
0
0
0
1
0
0
0
0
0
0
0
0
1
0
0
0
0
1
0
0
0
0
0
0
0
0
0
0
0
0
0
0
0
1
0
0
0
1
0
0
0
1
0
0
1
0
0
0
0
1
0
0
0
0
0
0
0
0
0
0
0
0
0
0
0
0
0
0
0
0
0
0
0
0
0
0
0
0
0
1
0
0
0
0
0
0
0
0
0
0
0
0
0
0
0
0
1
0
0
0
0
0
1
0
0
0
0
1
1
0
1
0
0
0
0
1
0
1
0
0
2
0
0
0
2
0
0
1
0
0
1
1
0
0
0
0
0
1
0
0
0
0
0
0
0
0
0
1
0
2
0
0
0
0
0
1
0
1
0
0
0
1
1
0
1
1
0
0
0
0
0
0
1
0
0
0
0
0
0
0
0
0
0
0
0
0
0
0
0
0
0
1
0
0
1
0
0
1
0
0
0
0
0
0
0
0
0
0
1
0
0
0
0
0
0
2
1
0
0
0
0
0
0
1
0
0
0
0
0
0
1
0
1
1
0
0
1
0
0
1
0
0
0
0
0
1
0
0
0
1
0
0
0
0
0
1
0
0
0
2
0
0
0
0
1
0
0
0
0
1
0
0
0
0
1
2
0
0
0
0
0
2
1
0
0
0
0
0
0
0
0
1
0
0
0
0
0
0
0
1
0
0
0
0
1
0
0
1
2
0
0
2
0
0
0
1
0
2
1
0
0
0
1
0
0
0
2
1
0
1
0
1
0
1
0
0
0
0
0
1
1
1
1
1
0
0
0
1
0
0
0
0
1
0
1
0
0
0
1
0
0
0
1
0
1
1
0
1
0
0
1
0
0
0
0
0
0
0
0
2
0
0
0
0
0
0
0
0
0
0
0
2
0
0
1
1
1
0
0
0
0
0
2
0
1
0
0
0
0
0
0
1
1
1
1
0
1
1
0
0
0
1
0
0
0
0
0
0
0
0
0
1
0
0
0
0
0
0
0
0
0
0
0
0
0
0
0
0
0
0
0
0
0
0
0
0
0
0
0
0
0
0
0
0
0
0
0
0
0
0
0
1
0
0
0
0
0
0
0
0
0
0
0
0
0
0
0
0
0
0
0
0
0
0
0
0
0
0
0
0
0
0
0
0
0
0
0
0
0
0
0
0
0
0
0
0
0
0
0
0
0
0
0
0
0
0
0
0
0
0
0
0
0
0
0
0
0
0
0
0
0
0
0
0
0
0
0
0
0
0
0
0
0
0
0
0
0
0
0
0
0
0
0
0
0
0
0
0
0
0
0
0
0
0
0
0
0
0
0
0
0
0
0
0
0
0
0
0
0
0
0
0
0
0
0
0
0
0
0
0
0
0
0
0
0
0
0
0
0
0
0
0
0
0
0
0
0
0
0
0
0
0
0
0
0
0
0
0
0
0
0
0
0
0
0
0
0
0
0
0
0
0
0
0
0
0
0
0
0
0
0
0
0
0
0
0
0
0
0
0
0
0
0
0
0
0
0
0
0
0
0
0
0
0
0
0
0
0
0
0
0
0
0
0
0
0
0
0
0
0
0
0
0
0
0
0
0
0
0
0
0
0
0
0
0
0
0
0
0
0
0
0
0
0
0
0
0
0
0
0
0
0
0
0
0
0
0
0
0
0
0
0
0
0
0
0
0
0
0
0
0
0
0
0
0
0
0
0
0
0
0
0
0
0
0
0
0
0
0
0
0
0
0
0
0
0
0
0
0
0
0
0
0
0
0
0
0
0
0
0
0
0
0
0
0
0
0
0
0
0
0
0
0
0
0
0
0
0
0
0
0
0
0
0
0
0
0
0
0
0
0
0
0
0
0
0
0
0
0
0
0
0
0
0
0
0
0
0
0
0
0
0
0
0
0
0
0
0
0
0
0
0
0
0
0
0
0
0
0
0
0
0
0
0
0
0
0
0
0
0
0
0
0
0
0
0
0
0
0
0
0
0
0
0
0
0
0
0
0
0
0
0
0
0
0
0
0
0
0
0
0
0
0
0
0
0
0
0
0
0
0
0
0
0
0
0
0
0
0
0
0
0
0
0
0
0
0
0
0
0
0
0
0
0
0
0
0
0
0
0
0
0
0
0
0
0
0
0
0
0
0
0
0
0
0
0
0
0
0
0
0
0
0
0
0
0
0
0
0
0
0
0
0
0
0
0
0
0
0
0
0
0
0
0
0
0
0
0
0
0
0
0
0
0
0
0
0
0
0
0
0
0
0
0
0
0
0
0
0
0
0
0
0
0
0
0
0
0
0
0
0
0
0
0
0
0
0
0
0
0
0
0
0
0
0
0
0
0
0
0
0
0
0
0
0
0
0
0
0
0
0
0
0
0
0
0
0
0
0
0
0
0
0
0
0
0
0
0
0
0
0
0
0
0
0
0
0
0
0
0
0
0
0
0
0
0
0
0
0
0
0
0
0
0
0
0
0
0
0
0
0
0
0
0
0
0
0
0
0
0
0
0
0
0
0
0
0
0
0
0
0
0
0
0
0
0
0
0
0
0
0
0
0
0
0
0
0
0
0
0
0
0
0
0
0
0
0
0
0
0
0
0
0
0
0
0
0
0
0
0
0
0
0
0
0
0
0
0
0
0
0
0
0
0
0
0
0
0
0
0
0
0
0
0
0
0
0
0
0
0
0
0
0
0
0
0
0
0
0
0
0
0
0
0
0
0
0
0
0
0
0
0
0
