5
0
0
0
0
0
0
0
0
1
1
0
0
0
0
0
0
1
0
0
0
0
0
0
0
0
0
0
0
0
0
0
0
0
0
0
0
0
0
0
0
0
0
0
0
0
0
1
0
0
0
0
0
0
0
0
0
0
1
0
0
2
1
2
4
6
8
16
14
35
53
52
94
116
139
138
171
229
278
320
370
431
465
450
517
491
543
559
585
568
545
532
599
562
528
511
517
513
445
479
441
471
470
433
440
422
414
393
399
414
415
408
456
412
459
454
551
657
816
1000
1358
1703
2186
2799
3303
3764
4288
4678
4739
4763
4456
4080
3565
3027
2437
1966
1443
1153
845
626
516
396
370
295
305
293
256
306
279
275
310
292
280
295
312
308
298
327
308
312
310
318
327
320
362
379
390
423
422
382
423
410
425
389
393
395
370
359
348
335
331
305
317
311
288
315
297
269
282
275
282
237
295
269
265
246
257
273
257
266
245
251
266
254
281
274
271
250
256
251
271
233
259
255
250
242
226
222
229
234
235
222
239
234
204
208
213
223
220
207
216
233
207
217
208
195
213
222
180
159
192
186
205
210
194
199
232
215
242
279
299
310
376
388
453
494
531
632
566
692
681
712
727
665
654
591
612
571
498
473
443
379
367
295
285
259
234
233
184
175
189
178
160
172
138
139
164
154
139
144
147
135
160
147
160
149
199
120
158
144
147
154
157
135
144
168
154
171
170
186
160
179
153
160
142
182
148
157
172
154
135
143
149
144
135
153
142
148
116
130
123
111
134
114
137
131
135
117
104
131
129
122
122
130
153
161
145
179
182
192
211
252
276
332
402
423
460
585
655
745
828
902
962
1078
1138
1184
1209
1305
1280
1279
1295
1271
1186
1104
1086
1033
895
838
764
678
583
478
476
358
368
290
269
224
198
168
172
173
156
172
125
137
156
119
122
117
132
124
115
117
117
105
104
120
118
105
107
103
109
75
95
96
98
92
100
97
114
112
112
95
117
134
115
130
125
117
119
166
139
149
145
172
163
177
150
155
168
150
138
143
153
175
159
153
110
123
132
105
126
100
126
104
105
122
117
124
120
112
143
165
142
125
152
159
169
153
166
188
179
157
173
171
174
166
158
151
168
166
156
113
139
135
120
133
113
117
108
113
109
106
90
114
103
108
77
90
91
89
103
73
72
86
112
103
100
83
97
114
85
84
100
90
105
103
107
109
115
116
109
93
106
101
97
95
106
105
103
101
89
108
102
93
91
97
89
92
95
90
93
93
98
100
88
102
96
97
106
94
97
109
82
109
93
98
97
93
86
86
97
102
87
93
91
77
77
118
89
98
98
102
92
80
92
97
108
93
106
103
95
105
103
87
106
100
89
113
122
100
91
117
98
112
108
94
113
112
109
112
110
101
98
88
102
97
105
106
114
119
93
107
108
104
89
88
117
95
92
87
92
110
97
106
93
86
86
77
85
89
101
94
106
66
71
87
76
105
74
73
79
71
100
81
84
73
82
85
79
77
67
85
87
69
94
98
74
75
88
83
91
83
73
83
83
73
82
69
92
82
72
61
74
61
81
67
66
74
75
79
61
90
76
74
73
84
93
84
89
86
91
82
71
73
103
81
96
81
89
84
87
93
106
85
103
101
106
104
98
122
105
88
112
100
80
96
114
84
87
84
95
97
82
86
73
95
84
86
91
82
84
84
71
79
85
73
83
80
72
93
90
75
86
78
79
75
64
75
77
65
73
87
84
94
97
72
91
78
91
78
88
74
78
91
78
88
90
77
64
80
72
93
86
76
91
86
108
120
118
116
130
125
125
162
160
158
168
171
190
184
186
194
201
207
233
212
202
189
217
219
199
194
199
187
207
191
182
185
193
138
149
157
153
144
132
121
114
99
108
88
104
95
92
80
97
88
77
68
66
79
100
74
63
74
73
68
61
62
71
69
66
63
61
73
48
60
67
66
62
66
58
72
59
60
62
81
77
64
67
84
70
78
71
79
69
86
79
88
110
98
109
84
96
106
113
121
110
97
83
81
102
93
105
102
104
97
121
81
87
93
95
92
73
71
80
92
82
81
73
80
66
76
83
73
50
72
69
71
60
60
57
66
58
53
57
58
60
61
67
59
49
60
54
55
53
62
73
49
48
55
62
50
56
53
68
54
54
70
52
66
60
61
66
80
71
80
79
74
95
87
110
105
100
129
119
136
140
131
128
153
146
155
136
183
152
168
177
153
151
133
158
148
151
132
136
136
136
115
118
110
95
106
70
71
99
74
90
78
74
66
63
71
58
66
50
49
56
47
54
49
40
54
52
29
51
46
39
48
50
37
52
40
40
41
45
35
38
44
40
47
40
40
36
47
45
40
41
49
45
45
45
52
56
54
44
58
65
73
75
74
84
90
103
120
125
120
133
127
140
140
158
156
159
161
195
195
179
214
193
216
208
210
230
189
208
213
202
218
193
203
201
207
215
190
179
179
163
171
159
146
140
126
119
139
115
110
92
109
87
76
56
74
66
79
62
71
54
66
64
51
47
58
51
48
48
52
55
52
48
43
45
34
43
32
37
40
52
36
43
39
45
35
51
52
34
45
38
45
35
38
42
36
36
34
40
31
32
43
34
33
34
26
37
33
34
30
28
24
21
22
18
22
22
27
18
29
25
15
18
11
21
15
21
12
17
19
20
16
17
22
15
20
20
23
22
26
31
24
20
24
21
19
19
15
16
17
10
13
14
18
8
8
10
10
10
7
7
10
6
10
15
10
13
13
10
9
19
13
28
27
33
39
44
69
57
60
78
90
102
100
95
101
110
139
155
157
152
156
160
158
144
147
160
131
120
125
116
98
98
89
98
82
70
55
40
54
56
53
31
46
31
28
33
22
22
20
21
17
22
14
12
12
5
12
9
7
6
7
8
5
6
4
6
1
10
6
4
4
6
5
9
5
9
3
10
6
4
7
10
3
2
2
2
4
4
5
3
5
3
1
4
1
3
2
2
4
2
0
4
3
1
2
3
1
1
1
3
4
4
2
1
1
2
0
5
2
0
1
1
1
0
0
3
0
1
1
1
1
2
0
0
1
0
1
1
0
0
3
1
0
1
1
1
1
2
2
3
0
2
1
3
0
2
3
3
2
2
2
1
2
3
1
2
1
1
0
2
0
0
3
0
2
1
0
3
0
4
3
2
1
1
3
1
2
7
0
2
3
2
1
3
0
3
4
0
2
6
0
0
2
1
0
0
1
1
2
1
2
0
1
1
2
3
2
0
1
1
2
2
2
0
2
0
0
0
1
1
1
1
1
0
2
1
0
4
2
2
1
0
1
1
1
0
2
4
1
2
1
1
1
2
3
1
1
1
1
3
0
3
2
6
2
1
3
1
2
2
1
0
1
4
1
1
0
5
1
2
2
3
2
2
0
1
1
2
0
0
1
2
0
0
2
0
0
1
0
1
0
1
0
1
0
0
1
0
1
2
0
1
0
1
1
2
1
2
0
2
1
1
1
2
0
0
1
3
0
0
1
1
2
0
2
1
4
3
0
0
0
0
3
1
1
0
0
0
0
0
5
0
0
0
1
1
1
0
1
0
0
1
0
0
0
0
0
0
0
0
0
0
0
0
0
0
0
1
0
0
0
0
0
0
0
0
1
0
0
1
2
0
1
1
0
0
1
0
1
0
0
0
1
1
0
0
1
1
1
0
0
0
0
0
0
0
0
0
0
0
0
0
0
0
0
0
0
0
0
0
0
0
0
0
0
0
0
0
0
0
0
0
0
0
0
0
0
0
0
0
0
0
0
1
0
0
0
0
0
0
0
0
0
1
0
0
0
0
0
0
0
0
0
0
0
0
0
1
1
0
0
0
0
0
1
0
0
0
0
0
0
0
0
0
0
0
0
0
0
0
0
0
0
0
0
0
0
0
1
0
0
0
0
0
0
0
0
0
0
0
0
0
0
0
0
0
0
0
0
0
0
0
0
0
0
0
0
0
0
0
0
0
0
0
0
0
0
0
0
0
0
0
0
0
0
0
0
0
0
0
0
0
0
0
0
0
0
0
0
0
0
0
0
0
0
0
0
0
0
0
0
0
0
0
0
0
0
0
0
1
0
0
0
0
0
0
0
0
0
1
0
0
0
0
0
0
0
1
0
0
0
0
0
0
0
0
0
0
0
0
0
0
0
0
0
0
0
0
0
0
0
0
0
1
0
0
0
0
0
0
0
0
0
0
0
0
0
1
0
0
0
0
0
0
0
0
0
0
0
0
0
1
0
0
0
0
0
0
0
0
0
0
0
0
0
0
0
0
0
0
0
0
0
1
0
0
0
0
0
0
0
0
0
0
0
0
0
0
0
0
0
0
0
0
0
0
0
0
0
0
0
0
0
0
0
0
0
0
0
0
0
0
0
0
0
0
0
0
0
0
0
0
0
0
0
0
0
0
0
0
0
0
0
0
0
0
0
0
0
0
0
0
1
0
0
0
0
0
0
0
0
0
0
0
0
0
0
0
0
0
0
0
0
0
0
0
0
0
0
0
0
0
0
0
0
0
0
0
0
0
0
0
0
0
1
0
0
0
0
0
0
0
0
0
0
0
0
0
0
0
0
0
0
0
0
0
0
0
0
0
0
0
0
0
0
0
0
0
0
0
0
0
0
0
0
0
0
0
0
0
0
0
0
0
0
0
0
0
0
0
0
0
0
0
0
0
0
0
0
0
0
0
0
0
0
0
0
0
0
0
0
0
0
0
0
0
0
0
0
0
0
0
0
0
0
0
0
1
0
0
0
0
0
0
0
0
0
0
0
0
0
0
0
0
0
0
0
0
0
0
0
0
1
0
0
0
0
0
0
0
0
0
0
0
0
0
0
0
0
0
0
0
0
0
0
0
0
0
0
0
0
0
0
0
0
0
0
0
0
0
0
0
0
0
0
0
0
0
0
0
0
0
0
0
0
0
0
0
0
0
0
0
0
0
1
0
0
0
0
0
0
0
0
0
0
0
0
0
0
0
0
0
0
0
0
0
0
0
0
0
0
0
0
0
0
0
0
0
0
0
0
0
0
0
0
0
0
0
0
0
0
0
0
0
0
0
0
0
0
0
0
0
0
0
0
0
0
0
0
0
0
0
0
0
0
0
0
0
0
0
0
1
0
0
0
0
0
0
0
0
0
0
0
0
0
0
0
0
0
0
0
0
0
0
0
0
0
0
0
0
0
0
0
0
0
0
0
0
0
1
0
0
0
0
0
0
0
0
0
0
0
0
0
0
0
0
0
0
0
0
0
0
0
0
0
0
0
0
0
0
1
0
0
0
0
0
0
0
0
0
0
0
0
0
0
0
0
0
0
0
0
0
0
0
0
0
0
0
0
0
0
0
0
0
0
0
0
0
0
0
0
0
0
0
0
0
0
0
0
0
0
0
0
0
0
0
0
0
0
0
0
0
0
0
0
0
0
0
0
0
0
0
0
0
0
0
0
0
0
0
0
0
0
0
0
0
0
0
0
0
0
0
0
0
0
0
0
0
0
0
0
0
0
0
0
0
0
0
0
0
0
0
0
0
0
0
0
0
0
1
0
0
0
0
0
0
0
0
0
0
0
0
0
0
0
0
0
0
0
0
0
0
0
0
0
0
0
0
0
0
0
0
0
0
0
0
0
0
0
0
0
0
0
0
0
0
0
0
0
0
0
0
0
0
0
0
0
0
0
0
0
0
1
0
0
0
0
0
0
0
1
0
0
0
0
0
0
0
0
0
0
0
0
0
0
0
0
0
0
0
0
0
0
0
0
0
0
0
0
0
0
0
0
0
0
0
0
0
0
0
0
0
0
1
0
0
0
0
0
0
0
0
0
0
0
0
0
0
0
0
0
0
0
0
0
0
0
0
0
0
0
0
0
0
0
0
0
0
0
0
0
0
0
0
0
0
0
0
0
0
0
0
0
0
0
0
0
0
0
0
0
0
0
0
0
0
0
0
0
0
0
0
0
0
0
0
0
0
0
0
0
0
0
0
0
0
0
0
0
0
0
0
0
0
0
0
0
1
0
0
0
0
0
0
0
0
0
0
0
0
0
0
0
0
0
0
0
0
0
0
0
0
0
0
0
0
0
0
0
0
0
0
0
0
0
0
0
0
0
0
0
0
0
0
0
0
0
0
1
0
0
0
0
0
0
0
0
0
0
0
0
0
0
1
0
0
0
0
0
0
0
0
0
0
0
0
0
0
0
0
0
0
0
0
0
0
0
0
0
0
0
0
0
0
0
0
0
0
0
0
0
0
0
1
0
0
0
0
0
0
0
0
0
0
0
0
0
0
0
0
0
0
0
0
0
0
0
0
0
0
0
0
0
0
0
0
0
0
0
0
0
0
0
1
0
0
0
0
0
0
0
0
0
0
0
0
0
0
0
0
0
0
0
0
0
0
0
0
0
0
0
0
0
0
0
0
0
0
0
0
0
0
0
0
0
0
0
0
0
0
0
0
0
1
0
0
0
0
0
0
0
0
0
0
0
0
0
0
0
0
0
0
1
0
0
0
0
0
0
0
0
0
0
0
0
0
0
0
0
0
0
0
0
0
0
0
0
0
0
0
0
0
0
0
0
0
0
0
0
0
0
0
0
0
0
0
0
0
0
0
0
0
0
0
0
0
0
0
0
0
0
0
0
0
0
0
0
0
0
0
0
0
0
1
0
0
0
0
0
0
0
0
1
0
0
0
1
0
1
0
0
0
0
0
0
0
0
0
0
0
0
0
0
0
0
0
0
0
0
0
0
0
0
0
0
0
0
0
0
0
0
0
0
0
0
0
0
0
0
0
0
0
0
0
0
0
0
0
0
0
0
0
0
0
0
0
0
0
0
0
0
0
0
0
0
0
0
0
0
0
0
1
0
0
0
0
0
0
0
0
0
0
0
0
0
0
0
0
0
0
0
1
0
0
0
0
0
0
0
0
0
0
0
0
0
0
0
0
0
0
0
0
0
0
0
0
0
0
0
0
0
0
0
0
0
0
0
0
0
0
0
0
0
0
0
0
0
0
0
0
0
0
0
0
1
0
0
0
0
0
0
0
0
0
0
0
1
0
0
0
0
0
0
0
0
0
0
0
0
0
0
0
0
0
0
0
0
0
0
0
0
0
0
0
0
0
0
0
0
0
0
0
0
0
0
0
0
0
0
0
0
0
0
0
0
0
0
0
0
0
1
0
0
0
0
0
0
0
0
0
0
0
0
0
0
0
1
0
0
0
1
0
0
0
0
0
0
0
0
0
0
0
0
0
0
0
0
1
0
0
0
0
0
0
0
0
0
0
0
0
0
0
0
0
0
0
0
0
0
0
0
0
0
0
0
0
0
1
0
0
0
0
0
0
0
0
0
0
0
0
0
0
0
0
0
0
0
0
0
0
0
1
0
0
0
0
0
0
0
0
0
0
0
0
0
0
0
0
0
0
0
0
0
0
0
0
1
0
0
0
0
0
0
0
0
0
0
0
1
0
0
0
0
0
0
0
0
0
0
1
0
0
0
0
0
0
0
1
0
0
0
0
0
0
0
0
0
0
0
0
0
0
0
0
0
0
0
0
0
0
0
0
0
0
0
0
0
0
0
0
0
0
0
0
0
0
0
0
0
0
0
0
0
0
0
0
0
0
0
0
0
0
0
0
0
0
0
0
0
0
0
0
0
0
0
0
0
0
0
0
0
0
0
0
0
0
0
0
0
0
0
0
0
0
0
0
0
0
0
0
0
0
0
0
0
0
0
0
0
0
0
0
0
0
0
0
0
0
0
0
0
0
0
0
0
0
0
0
0
0
0
0
0
0
0
0
0
0
0
0
0
0
0
0
0
0
0
0
0
0
0
0
0
0
0
0
0
0
0
0
0
0
0
0
0
0
0
0
0
0
0
0
0
0
0
0
0
0
0
0
0
0
0
0
0
0
0
0
0
0
0
0
0
0
0
0
0
0
0
0
0
0
0
0
0
0
0
0
0
0
0
0
0
0
0
0
0
0
0
0
0
0
0
0
0
0
0
0
0
0
0
0
0
0
0
0
0
0
0
0
0
0
0
0
0
0
0
0
0
0
0
0
0
0
0
0
0
0
0
0
0
0
0
0
0
0
0
0
0
0
0
0
0
0
0
0
0
0
0
0
0
0
0
0
0
0
0
0
0
0
0
0
0
0
0
0
0
0
0
0
0
0
0
0
0
0
0
0
0
0
0
0
0
0
0
0
0
0
0
0
0
0
0
0
0
0
0
0
0
0
0
0
0
0
0
0
0
0
0
0
0
0
0
0
0
0
0
0
0
0
0
0
0
0
0
0
0
0
0
0
0
0
0
0
0
0
0
0
0
0
0
0
0
0
0
0
0
0
0
0
0
0
0
0
0
0
0
0
0
0
0
0
0
0
0
0
0
0
0
0
0
0
0
0
0
0
0
0
0
0
0
0
0
0
0
0
0
0
0
0
0
0
0
0
0
0
0
0
0
0
0
0
0
0
0
0
0
0
0
0
0
0
0
0
0
0
0
0
0
0
0
0
0
0
0
0
0
0
0
0
0
0
0
0
0
0
0
0
0
0
0
0
0
0
0
0
0
0
0
0
0
0
0
0
0
0
0
0
0
0
0
0
0
0
0
0
0
0
0
0
0
0
0
0
0
0
0
0
0
0
0
0
0
0
0
0
0
0
0
0
0
0
0
0
0
0
0
0
0
0
0
0
0
0
0
0
0
0
0
0
0
0
0
0
0
0
0
0
0
0
0
0
0
0
0
0
0
0
0
0
0
0
0
0
0
0
0
0
0
0
0
0
0
0
0
0
0
0
0
0
0
0
0
0
0
0
0
0
0
0
0
0
0
0
0
0
0
0
0
0
0
0
0
0
0
0
0
0
0
0
0
0
0
0
0
0
0
0
0
0
0
0
0
0
0
0
0
0
0
0
0
0
0
0
0
0
0
0
0
0
0
0
0
0
0
0
0
0
0
0
0
0
0
0
0
0
0
0
0
0
0
0
0
0
0
0
0
0
0
0
0
0
0
0
0
0
0
0
0
0
0
0
0
0
0
0
0
0
0
0
0
0
0
0
0
0
0
0
0
0
0
0
0
0
0
0
0
0
0
0
0
0
0
0
0
0
0
0
0
0
0
0
0
0
0
0
0
0
0
0
0
0
0
0
0
0
0
0
0
0
0
0
0
0
0
0
0
0
0
0
0
0
0
0
0
0
0
0
0
0
0
0
0
0
0
0
0
0
0
0
0
0
0
0
0
0
0
0
0
0
0
0
0
0
0
0
