0
0
0
0
203
174
175
180
152
189
165
178
168
156
151
165
148
160
173
148
179
225
175
182
166
160
186
156
166
166
169
194
169
198
166
164
192
151
173
178
182
162
169
175
193
142
166
151
160
184
166
173
155
162
178
160
166
163
168
158
162
151
187
174
165
161
153
138
191
182
190
168
179
171
157
173
172
176
186
165
164
183
171
174
148
185
173
167
186
167
159
192
165
158
182
175
184
159
153
155
180
149
166
156
158
162
174
208
158
187
154
160
166
157
157
166
156
174
171
156
189
164
188
189
162
176
184
144
178
189
159
163
174
167
187
150
169
185
169
176
147
196
167
198
183
166
161
165
159
189
161
160
209
159
158
158
166
176
151
171
169
194
156
147
178
150
174
165
165
183
165
159
167
172
171
161
149
178
188
172
184
172
196
169
189
165
173
177
169
147
162
169
162
164
153
176
173
167
149
164
190
138
173
156
141
190
181
157
175
161
187
144
169
159
161
159
156
162
164
146
147
159
193
162
164
153
185
169
170
167
177
160
160
178
169
163
164
167
161
166
137
147
180
172
170
160
170
154
181
166
146
171
173
176
180
180
173
176
166
173
160
198
163
162
166
179
166
192
170
173
169
137
165
152
161
159
155
154
179
179
162
170
178
152
163
147
163
142
147
160
166
168
162
177
181
162
164
184
145
182
187
158
161
171
162
160
168
149
165
165
140
166
168
165
158
147
187
157
158
161
156
144
175
166
155
151
161
177
148
204
158
140
161
138
178
135
184
186
167
166
155
152
155
153
168
172
168
157
183
151
140
185
143
180
190
169
171
152
165
168
151
156
184
162
165
161
161
163
157
166
143
168
153
180
170
153
172
147
178
168
152
145
182
135
143
166
152
169
164
180
167
176
147
160
184
172
168
152
180
146
131
179
156
178
149
188
147
180
155
155
175
161
149
172
165
163
174
152
179
154
143
147
143
168
153
183
154
169
173
162
156
155
146
148
160
159
154
165
140
143
142
169
142
168
149
171
160
183
170
156
148
165
169
167
150
154
149
152
183
178
162
171
163
147
163
158
146
145
135
143
137
155
168
159
172
159
163
152
157
179
152
148
131
166
143
145
176
144
173
140
157
163
154
155
165
154
158
173
161
162
164
162
177
183
171
161
176
172
154
138
129
128
172
172
154
163
160
168
164
168
161
144
170
168
161
151
163
148
155
170
163
148
169
182
168
173
169
180
163
148
172
167
155
148
145
153
152
154
158
154
139
154
164
140
157
139
172
158
154
130
138
167
127
155
150
143
155
167
139
153
151
149
146
166
139
150
167
167
156
151
154
140
163
141
166
160
131
139
152
152
154
181
132
153
161
158
161
137
141
156
167
174
157
133
151
166
165
153
159
159
158
150
178
145
148
148
157
151
176
164
161
145
158
148
157
139
164
160
165
177
156
148
156
134
138
146
169
146
151
146
136
144
167
161
158
157
169
152
164
147
158
149
151
152
151
158
147
145
149
188
150
153
150
148
154
168
144
149
155
144
144
161
175
153
158
145
142
122
141
143
162
146
147
147
145
150
146
138
157
170
148
156
171
143
163
155
161
152
155
131
143
149
142
178
148
164
163
142
154
146
147
176
120
162
136
160
148
153
157
163
154
155
138
160
134
143
135
153
168
142
156
143
165
156
145
155
147
152
156
158
136
154
151
143
139
163
145
135
147
160
156
147
161
156
167
170
145
149
148
138
142
149
166
161
146
153
146
134
150
145
146
174
157
160
141
134
149
158
147
159
144
154
168
168
142
142
142
148
147
146
184
162
143
144
136
140
127
136
124
145
144
162
149
151
151
147
149
145
140
144
163
129
158
149
137
127
131
144
129
164
154
177
137
156
160
129
150
159
153
165
149
163
163
180
164
152
144
131
146
140
135
139
148
166
111
152
149
142
146
162
138
168
131
154
138
154
161
121
152
158
120
134
145
142
155
139
120
143
153
123
177
130
160
155
151
155
153
144
146
159
158
155
149
159
145
137
117
154
143
154
149
156
167
128
152
148
135
154
132
161
127
139
135
138
143
128
139
125
148
131
135
151
165
141
149
132
167
163
125
131
164
148
146
139
126
156
146
148
183
152
154
146
168
145
142
149
159
140
170
141
143
141
143
149
136
139
137
146
150
145
155
137
123
165
145
165
131
144
148
144
124
135
160
132
141
151
138
134
129
139
139
147
130
137
153
120
144
141
152
141
165
162
117
160
157
135
127
153
158
145
141
124
131
164
149
133
148
147
133
169
156
159
145
146
133
146
150
151
127
152
138
161
131
159
125
141
154
142
127
139
129
140
123
139
136
137
154
133
131
162
134
138
123
152
156
133
160
158
136
150
131
144
165
153
135
141
164
125
145
138
149
122
151
160
147
156
133
145
157
147
171
143
127
135
134
148
129
133
145
143
156
174
151
148
148
151
140
141
144
162
148
155
120
146
131
160
144
144
148
132
136
148
129
145
129
154
129
149
137
150
150
161
111
125
145
129
152
139
153
141
131
136
142
153
146
136
153
146
151
161
141
148
132
151
122
155
139
161
128
152
148
120
154
127
160
129
145
145
169
149
132
158
135
137
149
120
155
140
132
159
135
152
137
153
141
133
128
152
141
162
134
136
122
138
153
127
143
161
136
143
135
151
134
136
142
127
140
155
125
142
125
131
139
158
146
147
163
158
169
136
125
122
144
118
149
143
176
140
161
144
134
144
138
164
117
134
142
149
142
160
135
151
147
130
132
126
164
159
134
137
155
141
134
133
166
148
134
131
163
144
151
136
138
128
137
133
148
147
143
124
124
120
141
146
141
139
124
127
130
129
159
124
145
152
137
146
130
133
129
127
131
173
130
124
151
119
135
128
142
116
137
146
154
141
139
107
131
151
139
144
133
140
136
131
134
122
136
138
145
141
153
150
132
132
109
161
144
154
139
126
129
125
135
128
158
128
121
126
131
147
142
123
139
155
154
116
138
136
127
125
136
130
140
140
144
134
156
124
125
129
130
145
160
139
118
134
129
127
153
144
130
136
122
135
148
160
163
137
129
140
131
150
147
119
109
149
134
141
142
134
140
115
114
132
132
127
136
133
141
144
115
125
124
140
150
123
109
128
124
127
133
148
138
141
136
130
146
127
129
126
115
135
123
143
147
129
128
155
125
123
134
148
122
118
145
144
146
134
116
111
122
141
123
160
148
141
98
138
130
142
125
124
138
113
128
134
136
139
138
139
114
117
125
119
140
138
122
148
128
142
122
130
139
118
129
117
141
146
159
138
143
123
135
120
133
128
123
142
110
123
128
158
157
133
125
134
135
134
146
129
133
141
122
129
125
131
144
144
140
118
143
120
130
139
105
147
131
136
131
139
137
146
133
142
132
117
143
133
137
140
132
141
131
146
136
131
127
130
137
153
123
130
136
134
135
151
150
137
132
143
121
138
131
130
147
152
123
138
119
150
133
129
135
145
134
112
140
138
132
132
123
122
122
119
120
147
134
125
137
128
135
127
141
142
130
144
125
133
148
149
139
138
100
127
132
124
149
117
121
138
136
135
140
97
119
123
135
131
121
116
118
117
142
139
117
129
143
124
130
131
140
128
131
133
137
130
133
111
134
127
144
121
127
129
124
125
127
103
121
150
128
131
138
137
124
110
146
121
121
133
128
137
120
137
127
147
118
128
132
116
145
153
128
129
127
121
159
159
129
119
123
122
141
132
115
128
125
142
140
133
138
130
130
132
128
135
119
119
123
134
103
124
129
144
131
143
139
124
143
121
123
115
151
114
124
135
143
153
135
119
129
126
134
129
141
123
114
136
135
138
119
125
153
135
135
135
123
117
109
144
125
119
110
108
142
131
117
135
150
145
117
146
115
118
122
122
100
117
121
119
121
98
112
114
128
113
112
121
120
128
120
124
126
136
141
128
140
133
116
140
137
123
118
116
132
141
157
108
140
146
120
128
121
128
150
127
123
133
126
134
139
109
130
130
122
113
121
121
128
115
111
96
139
114
119
132
131
130
105
135
128
128
141
128
129
117
125
133
131
128
141
133
124
122
113
119
131
141
109
129
125
130
121
129
112
116
105
110
111
141
126
137
131
113
117
130
109
125
139
118
131
121
110
140
126
124
108
129
115
127
120
114
141
114
113
115
120
108
125
125
133
108
123
123
121
122
116
135
111
96
124
129
129
132
113
128
138
117
150
118
135
137
126
129
128
108
115
129
123
121
153
132
110
122
125
116
127
149
115
104
107
119
130
114
135
111
109
120
127
129
105
138
131
112
119
122
128
136
126
128
128
119
109
135
131
110
117
94
128
122
130
105
138
134
128
129
116
128
121
138
106
131
130
122
129
135
111
130
118
110
115
127
120
102
122
115
130
124
128
106
125
142
109
134
120
147
119
131
123
143
123
121
120
135
109
130
112
105
130
100
127
115
113
128
113
130
117
126
110
124
127
116
138
118
113
138
128
112
132
119
128
131
100
134
123
107
97
132
126
117
111
125
130
108
120
123
115
102
123
135
125
135
115
108
104
131
125
123
123
126
126
126
120
132
138
116
122
113
119
146
110
108
146
118
114
142
89
107
109
118
115
119
142
115
135
113
98
123
118
102
92
122
113
113
124
128
113
121
123
124
115
113
111
132
115
114
119
124
100
125
117
141
117
127
109
124
107
116
112
93
113
110
137
121
118
125
113
127
104
126
130
135
111
107
105
113
114
112
111
116
106
110
119
110
91
125
118
129
102
102
128
132
117
121
110
114
127
107
107
90
127
113
119
114
111
140
122
103
103
113
104
110
129
119
118
119
111
116
106
108
123
106
132
110
113
120
105
116
108
103
111
129
114
131
126
116
116
132
124
137
131
114
132
110
78
121
128
102
122
132
109
119
122
119
126
109
103
107
121
122
123
100
122
118
103
110
111
110
120
123
108
103
122
107
127
108
103
110
123
137
118
100
113
111
118
123
119
113
105
122
111
130
127
120
110
124
114
110
103
103
116
107
96
116
127
115
109
110
127
121
132
125
129
109
120
130
113
121
101
108
109
115
107
124
117
122
121
126
121
117
123
116
106
131
109
106
107
99
118
103
111
117
107
118
117
126
110
122
119
104
117
132
109
100
105
117
113
106
111
117
131
123
115
118
129
103
117
134
121
140
106
115
128
94
133
114
111
133
109
122
104
110
125
135
114
104
120
109
112
112
118
114
121
117
104
93
101
134
116
84
103
88
110
127
102
111
104
98
93
128
124
109
118
120
128
126
117
114
114
102
96
116
99
115
107
109
109
115
109
123
125
101
115
118
122
111
115
103
109
109
105
124
99
107
119
127
83
114
120
118
117
117
114
115
105
97
120
105
108
117
114
106
110
118
119
113
105
123
113
112
97
117
116
144
131
89
107
114
111
115
107
103
104
117
112
103
120
104
112
99
114
128
125
115
115
122
97
120
110
128
96
115
93
106
104
116
96
111
124
97
100
126
95
104
111
103
104
109
103
95
105
112
117
115
113
125
110
102
101
105
104
97
103
131
110
113
105
119
94
109
121
100
92
113
108
99
103
107
116
126
117
117
102
120
101
115
120
106
122
104
120
105
116
120
98
116
100
122
116
107
109
116
80
101
111
98
96
122
97
95
109
121
99
115
128
106
116
106
104
111
112
111
96
96
104
110
100
107
98
100
117
97
93
113
111
110
114
118
123
123
120
103
115
109
104
100
92
94
112
108
120
103
104
104
94
122
114
111
109
98
103
96
108
117
107
109
117
99
126
113
98
88
109
119
95
120
102
112
114
122
94
92
105
119
89
111
90
103
108
109
92
127
106
109
119
104
109
106
103
102
111
106
109
94
95
122
98
111
101
107
107
104
109
114
88
114
98
118
119
119
118
98
99
109
93
97
96
110
107
99
98
94
95
128
99
112
116
125
113
107
102
117
114
79
106
94
119
102
136
110
105
99
127
102
115
104
121
86
110
100
101
105
112
100
121
123
93
114
119
99
109
108
96
98
105
102
85
100
95
102
108
94
101
89
106
109
119
93
119
116
120
109
102
102
110
112
106
93
111
112
116
128
112
108
102
114
95
94
109
108
94
98
94
108
88
99
96
89
135
112
104
107
98
109
105
97
90
99
93
115
100
100
106
93
93
94
102
86
115
107
117
121
97
114
89
90
110
110
107
99
107
110
103
100
99
116
91
92
108
114
99
96
113
104
112
90
118
108
103
105
104
106
107
108
93
93
112
118
112
101
71
94
97
113
94
106
99
118
105
92
97
106
109
98
109
111
93
106
110
115
111
100
114
116
101
105
100
100
87
110
110
95
91
101
94
88
114
112
108
115
82
101
107
110
115
109
103
95
97
103
104
102
106
96
96
93
106
94
87
105
97
122
112
106
94
102
91
95
108
123
95
107
89
103
87
97
115
112
102
105
115
83
96
96
85
102
119
115
118
86
94
106
103
100
94
91
96
95
110
93
104
107
94
106
97
104
119
85
124
115
107
112
94
86
79
103
109
99
93
111
87
92
101
93
86
81
99
107
118
113
104
102
115
114
81
94
83
105
104
80
117
120
92
101
94
118
108
98
121
106
109
98
104
90
101
85
107
91
96
74
103
88
112
100
112
109
95
97
126
97
103
112
106
95
102
106
101
94
85
100
101
109
89
99
92
100
110
95
104
100
120
112
100
88
99
103
90
100
109
100
89
95
101
94
118
96
102
110
115
92
103
92
97
87
113
89
84
84
92
113
103
102
89
104
97
99
101
93
104
93
87
106
116
116
94
101
95
100
107
107
87
97
97
78
97
93
78
91
98
104
89
119
96
116
93
97
107
93
104
100
100
101
80
95
101
86
104
118
108
89
86
98
96
96
92
99
106
80
93
91
83
99
104
96
104
112
89
100
99
96
100
98
98
132
91
90
85
106
72
96
100
96
95
97
89
109
96
87
87
101
87
92
110
116
109
92
82
97
97
85
94
98
94
84
102
95
106
104
91
86
86
96
95
97
85
82
90
113
86
112
95
101
87
88
111
97
114
102
96
93
86
108
95
95
91
95
87
81
109
111
99
94
108
83
97
88
97
80
99
79
91
87
81
94
77
117
106
81
99
92
82
89
89
90
103
101
94
99
111
93
91
91
84
89
71
115
99
90
102
116
104
105
110
80
85
105
97
91
105
92
91
87
102
103
87
94
91
96
107
103
102
94
115
91
77
88
105
113
90
87
108
100
92
102
98
107
101
93
89
87
100
107
104
78
90
87
92
97
92
101
102
92
79
76
91
91
118
84
101
115
96
114
95
85
90
90
85
89
95
80
89
86
100
77
74
88
94
83
105
94
78
93
94
119
82
107
108
107
111
100
110
102
81
94
90
95
88
88
89
98
90
99
100
100
95
97
75
93
79
94
98
76
104
92
98
82
101
95
87
132
93
93
91
75
92
97
102
86
103
91
100
93
82
85
92
123
87
96
89
94
97
101
87
84
111
101
103
96
93
88
88
95
80
87
93
95
98
92
97
82
86
72
81
82
99
116
102
92
89
103
89
75
85
105
88
95
78
95
81
109
86
93
86
100
96
102
86
98
101
98
90
103
90
94
81
100
107
88
98
92
89
107
90
90
114
102
82
91
93
96
102
104
85
102
90
82
112
82
95
99
91
84
105
92
74
84
84
85
92
102
88
103
93
99
84
115
101
93
86
91
95
98
87
94
87
90
82
101
77
91
81
89
80
90
89
92
75
97
94
90
81
80
112
77
101
88
100
88
105
95
86
102
90
88
89
105
91
93
70
84
89
96
79
90
90
90
96
91
85
101
86
89
91
90
121
94
87
90
86
93
80
91
78
85
101
104
90
92
94
97
91
82
108
83
113
91
68
90
73
90
92
96
75
110
92
87
98
82
97
76
73
84
97
81
97
80
87
94
90
90
74
86
85
108
90
94
103
91
95
98
89
78
91
90
78
90
73
87
91
96
92
77
99
106
103
99
92
104
84
99
85
100
80
85
90
88
88
72
104
97
76
68
88
87
81
95
84
85
98
99
81
89
95
95
102
104
87
81
99
74
88
91
83
124
76
101
95
90
88
98
84
86
80
92
82
105
92
85
86
85
75
93
93
94
84
97
67
89
93
85
83
91
93
75
89
86
88
74
97
80
110
106
109
77
93
92
89
110
90
98
75
84
100
101
85
99
78
91
85
96
91
83
79
96
92
86
95
74
88
88
91
90
79
80
74
79
83
81
83
83
82
90
84
77
84
91
95
90
101
103
79
103
107
86
110
90
93
93
96
93
84
91
82
73
84
64
73
95
102
96
90
72
99
78
99
101
81
83
97
96
94
94
94
79
107
82
76
74
91
75
91
88
105
93
73
91
104
80
97
90
94
78
87
86
92
71
75
84
93
87
84
65
89
86
92
81
89
101
85
74
97
73
79
82
75
83
85
104
92
89
91
83
68
78
86
85
95
87
81
81
89
82
88
74
82
86
90
80
77
68
91
89
99
88
85
90
74
91
78
82
69
76
89
93
78
89
84
86
73
98
83
85
107
96
74
93
96
81
93
86
91
69
82
75
86
89
83
98
85
87
88
84
95
84
80
84
86
87
90
101
90
93
74
87
78
67
84
82
87
94
62
90
90
81
75
86
84
94
83
86
81
82
82
75
84
101
87
88
81
92
79
67
75
94
72
93
81
86
95
82
80
81
87
81
91
73
71
67
92
80
87
82
86
91
87
89
79
84
60
84
77
75
94
71
89
80
81
93
95
89
100
89
67
84
92
95
81
79
83
82
84
86
81
79
106
76
69
83
68
87
80
112
81
92
103
88
84
90
86
74
72
81
77
79
100
72
86
80
76
85
71
89
93
77
90
93
72
91
76
88
81
89
89
76
75
80
83
73
74
83
87
69
87
77
89
84
82
70
82
91
77
80
83
79
66
82
77
99
72
77
105
90
85
93
61
92
74
80
76
89
93
93
88
90
72
87
103
75
82
75
82
78
86
80
86
79
88
87
79
81
65
88
80
78
84
74
77
84
90
88
84
84
60
75
93
89
89
76
82
87
87
69
72
82
90
77
71
77
76
69
58
75
90
91
70
85
83
86
92
78
104
77
77
84
95
80
90
77
78
78
81
79
79
76
73
83
86
65
81
92
83
106
69
100
90
82
103
60
83
92
71
76
91
85
85
81
84
82
85
80
108
77
73
85
75
105
55
76
80
73
104
75
91
83
83
80
95
75
77
80
81
89
82
77
79
87
70
97
77
80
70
69
70
71
67
82
67
66
82
76
85
73
70
89
90
97
81
78
74
83
88
71
82
65
74
68
101
82
71
75
92
63
74
107
90
72
78
62
85
90
85
74
83
75
92
92
71
102
70
86
90
64
74
88
83
86
86
101
69
92
87
90
91
85
81
91
70
79
86
65
69
80
72
83
81
77
97
86
66
82
79
71
67
85
83
87
79
81
93
77
74
84
85
86
79
96
74
74
73
76
81
85
64
77
90
77
98
75
74
81
73
88
67
81
81
77
69
72
83
88
70
81
73
64
80
88
65
86
68
65
67
86
70
96
82
83
66
77
83
97
83
75
87
74
76
72
70
81
80
65
76
74
83
93
72
71
88
73
73
75
78
72
82
76
63
69
84
67
70
75
76
73
70
67
83
76
85
83
75
65
76
85
72
67
72
91
68
86
77
67
87
73
68
87
70
73
102
87
84
83
73
78
77
71
81
86
72
74
76
77
80
75
90
65
97
62
71
77
71
98
78
81
90
69
70
73
68
62
89
83
67
90
80
69
88
81
88
69
57
80
73
86
85
76
73
62
92
79
66
80
81
72
84
88
77
65
72
71
69
69
74
78
68
75
75
70
83
74
70
75
90
74
65
65
84
85
68
84
80
71
74
83
76
76
87
84
85
81
82
70
78
83
68
83
67
80
72
70
88
73
80
61
78
61
76
75
77
67
74
81
84
85
67
76
72
62
70
86
94
81
65
80
83
61
71
89
100
67
81
94
67
69
87
97
65
88
72
74
83
64
74
64
70
70
62
70
105
71
68
87
75
99
84
65
90
81
57
81
71
62
70
73
65
71
73
78
70
79
96
80
59
57
66
67
75
68
67
75
80
76
78
87
69
86
77
64
75
89
76
70
79
70
69
70
75
77
69
87
89
65
74
73
86
88
76
76
69
77
87
88
97
76
78
69
66
60
76
74
83
76
57
68
74
75
72
70
61
70
65
70
66
70
74
95
63
83
78
74
88
66
77
70
80
74
67
81
76
79
84
73
74
82
74
77
88
77
66
61
70
81
68
79
58
86
61
78
77
66
71
71
84
79
82
83
83
52
72
78
67
75
79
75
79
49
64
71
60
77
86
70
65
83
73
83
70
77
78
70
67
71
78
77
71
91
77
81
52
57
75
73
78
62
73
73
63
73
72
81
85
80
83
73
52
63
76
66
81
73
80
78
76
75
78
63
71
72
71
86
62
79
70
87
66
83
66
72
72
74
68
61
54
83
82
83
75
82
76
83
73
78
62
59
67
71
74
79
77
103
79
72
69
79
66
62
79
64
72
71
76
63
60
69
65
65
93
73
67
75
57
64
86
79
69
50
72
73
71
78
85
82
80
86
89
73
67
83
78
83
91
70
77
72
74
73
72
83
73
79
63
72
60
63
81
62
69
74
72
66
79
64
64
53
74
69
46
83
61
60
83
65
62
68
60
71
72
77
66
72
69
65
73
73
89
61
66
68
65
63
70
61
63
80
81
67
76
70
81
70
69
79
75
66
67
73
79
62
79
71
76
55
75
85
71
59
76
64
61
82
65
68
71
64
65
71
77
72
69
58
79
71
61
56
56
70
62
72
74
74
81
65
64
64
69
59
68
72
71
85
68
77
69
60
72
68
73
78
72
64
63
71
78
69
62
69
87
78
62
83
75
70
69
73
66
90
62
77
62
71
67
77
78
75
62
82
66
72
63
95
62
69
77
61
64
70
69
77
77
71
76
72
82
63
74
84
56
80
82
66
63
63
67
80
70
67
65
65
86
76
57
69
76
74
70
62
59
75
78
57
62
71
61
69
53
75
59
61
82
70
69
77
71
54
62
86
73
68
68
71
66
69
75
62
65
81
72
62
61
78
64
68
61
74
82
73
66
61
63
69
80
63
66
62
58
78
73
80
70
81
60
63
76
74
74
63
73
60
81
65
60
66
71
52
60
76
56
71
72
73
73
60
61
64
63
76
57
92
63
89
82
74
77
57
74
68
82
68
69
80
67
67
60
64
76
74
73
78
76
72
62
62
73
62
79
71
53
77
74
61
73
71
58
74
69
60
77
57
67
70
61
56
77
63
63
73
59
79
66
71
65
79
74
60
67
64
62
76
59
67
80
72
70
56
62
69
64
60
67
56
58
71
71
65
83
76
59
56
68
74
64
68
75
57
66
54
71
65
70
71
82
64
65
59
59
73
65
58
76
58
63
76
83
56
75
74
67
77
58
69
65
61
65
59
61
62
61
83
69
75
65
70
70
62
48
59
59
57
59
59
70
58
73
74
80
76
59
44
66
64
67
67
78
64
57
67
63
81
60
76
75
69
70
57
66
53
56
61
58
56
82
76
59
74
61
55
67
58
77
73
64
75
96
56
77
59
69
79
68
76
51
78
69
65
51
63
59
64
67
48
78
72
73
62
78
68
68
62
83
75
55
78
66
70
69
60
68
66
62
63
64
69
77
59
71
64
71
61
66
58
65
69
52
67
79
60
67
59
66
58
51
59
56
71
65
64
69
67
59
53
67
71
65
64
66
63
54
50
62
62
67
68
63
59
60
50
74
63
75
73
58
57
72
65
66
73
49
65
68
76
60
64
57
67
64
55
55
58
67
74
66
64
67
74
64
59
63
75
79
56
75
74
74
67
59
73
66
87
72
67
55
63
46
61
75
67
62
53
65
71
67
59
68
76
67
66
62
70
72
63
63
58
68
68
72
66
63
74
68
66
63
68
67
67
52
70
73
69
60
60
57
73
68
80
65
62
66
61
71
66
76
77
58
57
59
67
71
65
64
71
59
73
60
67
73
70
54
60
77
70
74
68
60
54
70
64
52
57
67
66
63
57
57
56
58
60
71
67
67
63
59
46
64
57
72
77
68
56
68
68
63
57
56
60
59
61
63
57
70
69
60
64
57
76
50
64
70
77
61
69
67
60
72
88
67
63
66
74
65
70
63
57
56
51
51
65
51
69
58
79
58
52
71
76
58
63
62
59
52
65
52
53
57
60
61
53
47
65
65
72
61
54
56
62
52
55
52
72
53
56
77
77
66
69
70
65
58
78
60
75
65
75
77
67
52
76
55
75
63
69
53
59
60
83
64
76
53
71
53
81
62
53
70
64
65
52
70
60
59
63
56
72
54
61
60
53
76
69
58
65
65
59
67
71
56
49
52
63
64
57
52
65
64
63
59
53
58
56
67
60
60
54
70
69
86
74
54
51
67
67
60
62
71
52
54
67
68
56
56
62
68
61
59
53
61
71
62
50
71
57
52
65
57
55
54
68
57
62
72
71
62
57
57
62
50
75
61
58
64
65
60
73
58
65
63
64
51
60
62
56
55
47
65
77
62
56
55
52
49
64
63
47
55
57
68
59
63
66
68
57
65
66
76
55
56
62
71
56
58
55
65
60
65
53
62
45
61
61
67
62
63
62
57
52
58
68
57
64
50
70
58
67
64
58
75
63
49
56
57
61
67
66
50
69
59
59
62
65
60
66
53
69
47
74
51
67
65
65
60
65
60
73
73
57
53
70
60
57
52
55
58
72
87
61
58
67
67
55
49
63
56
66
63
41
50
71
59
75
50
58
71
65
54
101
60
54
59
53
59
59
61
48
78
75
61
54
59
51
57
74
59
73
61
75
60
53
64
57
55
55
62
53
68
61
55
61
51
61
51
55
66
59
77
49
54
64
68
60
57
54
63
59
64
56
54
46
51
67
58
64
57
59
69
52
61
70
54
57
62
48
65
50
52
42
71
56
53
47
65
47
66
58
51
52
58
50
57
60
58
55
55
65
62
54
58
63
71
49
69
58
63
67
54
47
56
64
49
55
66
55
50
54
64
64
56
55
47
54
56
56
63
68
52
49
60
55
58
65
53
52
69
69
54
63
61
57
49
49
65
50
58
52
66
63
45
59
69
50
63
58
79
58
64
50
57
58
60
70
66
78
51
64
61
48
52
51
51
55
61
60
57
51
59
56
50
69
71
60
58
58
66
53
56
64
62
59
47
58
46
51
52
39
55
60
60
58
61
66
52
59
50
51
83
65
57
56
53
53
60
50
65
50
51
53
52
67
53
67
66
73
58
63
59
58
57
55
66
60
72
46
54
58
62
60
59
51
58
58
40
63
59
36
63
65
56
56
67
66
55
54
55
57
55
57
47
58
63
56
51
39
50
52
54
57
59
42
52
56
73
51
44
47
61
55
44
49
59
58
54
60
66
46
49
49
76
41
65
51
59
61
50
58
57
50
59
49
49
48
53
52
58
62
53
54
63
69
58
65
57
60
59
60
54
68
49
48
59
55
56
44
47
55
53
59
57
54
51
64
69
63
46
60
46
68
67
64
54
61
61
66
46
52
52
56
46
50
60
49
58
56
46
56
54
71
55
61
57
61
49
63
67
64
61
53
48
53
62
56
57
62
64
50
49
67
53
47
49
54
50
66
51
59
71
54
59
72
68
50
46
64
60
67
70
70
61
47
58
49
54
61
41
55
48
62
53
75
40
54
50
78
46
38
50
50
53
53
64
67
63
39
70
66
52
70
67
60
64
58
52
49
54
55
60
62
50
53
59
66
58
41
54
39
60
61
66
58
51
42
54
73
57
51
51
57
45
45
59
51
57
57
51
57
44
52
59
57
62
54
53
58
45
61
58
73
67
45
53
44
42
53
64
51
63
44
53
58
62
53
60
63
43
52
47
61
63
69
40
51
70
44
55
61
57
61
51
52
46
58
47
57
50
50
47
58
52
54
46
46
48
53
57
52
53
50
46
64
49
50
52
51
66
62
55
56
42
55
41
53
51
49
44
52
70
50
60
71
53
54
68
72
57
47
48
55
35
54
52
46
49
46
43
45
69
51
58
39
62
60
51
45
48
64
46
43
45
49
56
49
59
54
71
49
53
58
46
63
51
50
60
49
58
64
46
53
56
64
58
55
40
50
58
61
67
66
62
55
46
43
48
54
53
52
53
54
56
46
68
66
47
57
46
46
56
54
45
55
60
60
49
56
56
58
53
51
64
43
46
56
57
48
46
64
47
63
57
56
46
53
43
51
53
60
55
49
61
49
50
48
64
51
50
57
43
70
60
40
62
49
52
50
53
38
51
47
60
51
52
48
42
70
62
39
61
53
47
43
41
61
58
53
54
63
58
47
44
59
53
75
61
56
54
40
63
51
53
49
59
53
64
52
50
48
59
48
49
62
47
70
43
48
46
54
46
61
49
43
52
49
54
59
54
54
48
52
45
42
48
47
60
51
58
49
56
53
62
57
73
43
63
45
48
48
51
52
50
53
45
48
52
61
59
57
44
50
51
45
44
51
67
32
61
64
54
66
60
55
47
46
59
55
49
42
46
33
53
50
55
67
53
44
63
54
48
57
53
58
47
60
68
55
50
46
61
40
49
45
41
46
63
52
55
36
48
38
44
59
56
62
43
60
49
49
45
48
56
38
62
46
62
47
60
48
57
58
50
66
61
38
55
60
58
46
50
50
53
36
53
42
56
46
46
41
57
57
50
48
64
52
40
47
53
45
45
44
54
52
48
37
37
50
67
50
61
49
38
56
46
60
50
47
69
46
38
39
39
47
46
43
53
58
54
51
47
60
48
56
37
51
52
55
55
64
43
46
57
36
40
45
52
47
45
40
63
52
47
39
44
47
51
38
55
48
50
62
44
78
60
50
47
48
55
59
53
60
44
51
57
58
48
56
46
57
59
47
47
56
46
42
54
37
43
54
43
43
42
45
47
51
53
50
53
52
48
58
49
59
42
46
52
55
48
41
56
46
55
57
58
41
53
54
70
59
57
46
43
38
53
47
38
55
41
51
53
46
45
66
41
44
54
65
47
42
62
41
42
60
55
59
53
57
47
41
52
41
51
51
56
59
47
52
48
51
50
55
33
38
41
44
51
44
39
46
45
35
59
46
51
49
33
43
46
48
45
52
46
48
54
43
51
56
53
46
48
51
51
37
45
56
52
40
61
68
59
45
36
36
44
46
57
55
49
37
58
43
49
46
46
45
42
45
55
53
52
46
49
57
40
43
44
34
45
54
36
43
55
35
50
61
47
34
56
51
44
69
54
44
53
46
54
50
47
54
43
50
37
43
51
49
44
48
51
38
50
41
42
47
43
53
39
48
47
51
55
43
50
51
50
43
64
44
66
45
51
50
46
46
54
51
50
44
48
47
43
44
54
66
51
45
63
41
47
39
49
40
48
45
41
56
44
52
47
42
55
45
51
48
54
57
38
48
37
58
62
42
55
42
59
53
48
45
52
52
44
52
49
38
54
38
57
45
43
51
48
42
50
47
43
41
53
48
66
38
45
50
61
52
67
57
47
47
44
61
37
48
36
42
39
56
40
44
45
34
57
47
56
47
65
45
47
52
41
52
55
42
41
30
48
47
47
44
48
56
39
54
40
42
43
41
50
45
38
41
50
38
44
44
39
46
52
59
51
52
47
43
43
46
37
53
41
40
49
48
43
46
57
43
61
37
44
49
36
46
45
48
47
56
51
39
38
39
40
38
56
53
53
51
59
54
32
37
49
54
48
38
52
60
51
46
51
58
46
47
40
52
53
48
48
36
50
39
52
59
43
47
41
53
59
52
48
46
47
36
45
44
38
40
48
48
55
57
45
45
49
47
48
49
40
39
33
51
39
46
49
51
39
47
54
37
53
55
47
57
58
42
45
49
52
50
49
55
46
45
42
40
49
37
55
40
44
37
50
43
47
35
50
43
47
49
62
36
39
44
50
47
44
42
58
50
52
49
43
40
39
48
49
49
54
39
41
50
46
45
44
57
40
39
43
45
45
47
52
46
37
46
50
46
41
56
39
45
39
35
37
41
35
47
51
44
48
46
50
49
51
50
50
45
47
45
54
42
38
42
56
39
50
52
46
43
30
48
39
54
47
50
37
47
47
46
51
47
43
57
41
47
53
53
42
34
41
48
37
59
44
46
48
39
45
40
48
39
57
52
41
42
44
45
50
46
43
55
29
49
44
39
44
37
44
49
45
43
47
50
45
47
39
57
43
44
45
33
45
45
39
47
36
48
38
42
52
39
41
27
50
32
42
43
56
33
43
41
48
41
33
41
48
38
48
49
48
61
42
35
30
51
39
48
43
44
52
46
49
37
42
33
55
57
35
46
43
40
55
47
46
50
39
39
39
49
41
49
43
35
43
42
57
42
44
37
53
44
33
40
40
49
58
44
43
46
39
40
29
51
44
36
50
46
41
41
45
44
50
49
45
48
50
52
46
44
54
42
38
33
42
43
31
46
39
39
37
53
39
40
47
36
44
47
48
40
46
45
41
43
38
35
42
47
55
47
33
44
49
42
40
34
43
63
42
39
45
37
53
42
44
45
49
48
58
48
41
36
48
35
42
34
50
50
49
36
47
39
41
37
57
41
46
50
36
44
41
50
41
36
43
39
40
46
35
41
43
34
39
53
45
41
37
37
47
51
43
45
44
47
58
37
46
45
30
35
51
48
45
38
52
34
49
36
41
47
46
46
42
41
55
38
34
48
38
44
42
44
41
35
36
43
51
47
44
34
44
56
50
33
30
41
40
33
44
40
38
43
53
40
40
39
41
39
35
47
32
38
40
51
45
43
49
39
35
34
45
53
54
42
52
44
37
39
35
41
44
41
43
39
40
55
37
40
45
30
33
42
49
41
38
52
37
33
45
37
38
50
38
41
33
33
56
35
45
30
58
35
33
38
42
39
47
44
42
42
38
43
56
49
57
42
30
40
28
56
44
33
46
53
52
41
48
30
54
38
47
42
37
47
46
42
27
26
37
47
42
42
45
44
41
50
36
52
49
41
41
40
39
51
32
47
39
40
41
31
38
39
41
43
38
46
27
52
43
52
46
33
41
42
28
54
52
43
47
39
43
40
43
54
44
53
37
38
35
38
41
38
44
60
38
35
34
28
36
32
36
39
48
41
42
42
44
46
54
42
39
49
54
48
36
45
49
33
47
45
43
35
39
48
40
26
50
36
42
45
32
48
42
40
42
44
49
46
41
30
46
50
41
51
41
45
37
34
38
52
43
39
44
30
46
39
42
55
44
42
32
41
48
45
43
44
43
42
41
46
42
36
45
43
32
44
39
28
30
39
39
49
45
49
54
39
37
45
46
49
42
37
36
43
37
42
38
53
42
51
47
35
33
40
47
43
50
45
46
36
60
26
41
40
61
44
27
40
37
34
40
46
38
51
27
40
53
40
42
48
48
41
44
40
42
37
42
46
40
36
49
47
44
45
41
36
41
34
41
42
37
40
41
43
44
36
47
39
31
39
51
48
33
44
29
41
41
29
35
39
37
38
35
33
38
40
32
38
45
31
33
39
39
42
45
36
44
42
42
32
39
33
46
36
35
37
38
49
38
36
42
43
28
42
50
30
36
49
39
28
38
42
37
35
39
34
41
35
30
41
39
40
36
36
53
42
47
45
32
40
29
39
44
45
29
38
31
39
36
38
47
38
45
30
31
40
24
37
42
35
47
42
39
38
32
47
26
35
40
48
53
38
40
47
40
36
38
32
36
36
32
41
35
34
34
35
34
36
41
47
36
35
40
37
33
39
42
28
45
31
53
37
31
59
30
40
51
29
41
42
38
36
39
38
36
40
35
43
39
45
43
45
37
39
44
25
39
38
36
40
39
42
38
41
49
47
38
39
48
40
32
41
27
47
43
46
51
51
25
38
46
37
49
36
42
39
40
41
32
44
37
36
29
35
30
42
32
35
31
39
40
28
33
37
35
35
44
49
52
37
42
32
39
31
36
40
39
37
43
44
31
39
45
32
49
32
35
42
40
43
50
33
45
40
40
32
36
46
44
36
33
34
35
38
49
36
43
40
46
31
34
29
38
42
48
45
42
38
34
37
41
33
40
38
39
49
48
42
38
36
37
31
30
36
28
37
36
38
35
35
36
32
35
34
37
25
40
34
31
26
43
28
29
37
51
26
51
40
39
41
39
33
39
36
35
32
47
56
33
41
31
35
44
36
42
35
44
31
43
52
30
28
41
36
37
36
47
50
46
43
32
36
42
39
35
36
35
33
47
27
29
41
30
34
30
36
32
52
36
36
31
42
31
37
45
47
49
34
35
41
37
34
28
33
49
41
40
32
34
36
33
46
29
47
49
34
40
40
35
41
40
43
37
46
51
43
38
33
34
40
38
40
34
45
37
35
37
35
27
25
44
45
40
39
39
33
38
38
26
32
35
37
30
36
30
29
25
35
46
35
30
30
37
37
32
39
